
  Bayesian network parameters

  Parameters of node score (multinomial distribution)

Conditional probability table:
           1           2           3           4           5           6 
0.002673797 0.016042781 0.032085561 0.066844920 0.125668449 0.141711230 
          7           8           9          10          11          12 
0.155080214 0.205882353 0.098930481 0.114973262 0.034759358 0.005347594 

  Parameters of node score_a (multinomial distribution)

Conditional probability table:
 
       score
score_a          1          2          3          4          5          6
      1 1.00000000 0.50000000 0.16666667 0.04000000 0.02127660 0.00000000
      2 0.00000000 0.50000000 0.75000000 0.20000000 0.25531915 0.09433962
      3 0.00000000 0.00000000 0.08333333 0.72000000 0.44680851 0.32075472
      4 0.00000000 0.00000000 0.00000000 0.04000000 0.23404255 0.50943396
      5 0.00000000 0.00000000 0.00000000 0.00000000 0.04255319 0.05660377
      6 0.00000000 0.00000000 0.00000000 0.00000000 0.00000000 0.01886792
      7 0.00000000 0.00000000 0.00000000 0.00000000 0.00000000 0.00000000
      8 0.00000000 0.00000000 0.00000000 0.00000000 0.00000000 0.00000000
       score
score_a          7          8          9         10         11         12
      1 0.00000000 0.00000000 0.00000000 0.00000000 0.00000000 0.00000000
      2 0.00000000 0.00000000 0.00000000 0.00000000 0.00000000 0.00000000
      3 0.18965517 0.00000000 0.00000000 0.00000000 0.00000000 0.00000000
      4 0.43103448 0.28571429 0.00000000 0.00000000 0.00000000 0.00000000
      5 0.36206897 0.54545455 0.45945946 0.00000000 0.00000000 0.00000000
      6 0.01724138 0.15584416 0.45945946 0.62790698 0.00000000 0.00000000
      7 0.00000000 0.01298701 0.08108108 0.37209302 0.84615385 0.00000000
      8 0.00000000 0.00000000 0.00000000 0.00000000 0.15384615 1.00000000

  Parameters of node programa (multinomial distribution)

Conditional probability table:
 
        estado
programa           0           1
       1 0.005970149 0.000000000
       2 0.059701493 0.153846154
       3 0.235820896 0.230769231
       4 0.274626866 0.461538462
       5 0.423880597 0.153846154

  Parameters of node sol1 (multinomial distribution)

Conditional probability table:
           0           1           2           3           4           5 
0.018716578 0.008021390 0.002673797 0.005347594 0.029411765 0.050802139 
          6           7           8           9 
0.098930481 0.141711230 0.245989305 0.398395722 

  Parameters of node estado (multinomial distribution)

Conditional probability table:
 
      sol1
estado          0          1          2          3          4          5
     0 0.00000000 0.66666667 0.00000000 1.00000000 0.54545455 0.63157895
     1 1.00000000 0.33333333 1.00000000 0.00000000 0.45454545 0.36842105
      sol1
estado          6          7          8          9
     0 0.83783784 0.92452830 0.93478261 0.98657718
     1 0.16216216 0.07547170 0.06521739 0.01342282

