
  Bayesian network parameters

  Parameters of node pt (multinomial distribution)

Conditional probability table:
 
   estado
pt            0           1
  0 0.310447761 0.333333333
  1 0.349253731 0.435897436
  2 0.205970149 0.230769231
  3 0.110447761 0.000000000
  4 0.014925373 0.000000000
  5 0.008955224 0.000000000

  Parameters of node score (multinomial distribution)

Conditional probability table:
           1           2           3           4           5           6 
0.002673797 0.018716578 0.040106952 0.077540107 0.112299465 0.131016043 
          7           8           9          10          11          12 
0.160427807 0.197860963 0.106951872 0.109625668 0.040106952 0.002673797 

  Parameters of node score_a (multinomial distribution)

Conditional probability table:
 
       score
score_a          1          2          3          4          5          6
      0 0.00000000 0.00000000 0.06666667 0.00000000 0.00000000 0.00000000
      1 1.00000000 0.57142857 0.13333333 0.03448276 0.02380952 0.00000000
      2 0.00000000 0.42857143 0.73333333 0.24137931 0.23809524 0.06122449
      3 0.00000000 0.00000000 0.06666667 0.68965517 0.47619048 0.32653061
      4 0.00000000 0.00000000 0.00000000 0.03448276 0.19047619 0.48979592
      5 0.00000000 0.00000000 0.00000000 0.00000000 0.07142857 0.12244898
      6 0.00000000 0.00000000 0.00000000 0.00000000 0.00000000 0.00000000
      7 0.00000000 0.00000000 0.00000000 0.00000000 0.00000000 0.00000000
      8 0.00000000 0.00000000 0.00000000 0.00000000 0.00000000 0.00000000
       score
score_a          7          8          9         10         11         12
      0 0.00000000 0.00000000 0.00000000 0.00000000 0.00000000 0.00000000
      1 0.00000000 0.00000000 0.00000000 0.00000000 0.00000000 0.00000000
      2 0.00000000 0.00000000 0.00000000 0.00000000 0.00000000 0.00000000
      3 0.13333333 0.00000000 0.00000000 0.00000000 0.00000000 0.00000000
      4 0.53333333 0.24324324 0.00000000 0.00000000 0.00000000 0.00000000
      5 0.31666667 0.56756757 0.47500000 0.00000000 0.00000000 0.00000000
      6 0.01666667 0.17567568 0.50000000 0.65853659 0.00000000 0.00000000
      7 0.00000000 0.01351351 0.02500000 0.34146341 0.86666667 0.00000000
      8 0.00000000 0.00000000 0.00000000 0.00000000 0.13333333 1.00000000

  Parameters of node sol1 (multinomial distribution)

Conditional probability table:
           0           1           2           3           4           5 
0.016042781 0.008021390 0.002673797 0.002673797 0.029411765 0.066844920 
          6           7           8           9 
0.080213904 0.149732620 0.254010695 0.390374332 

  Parameters of node estado (multinomial distribution)

Conditional probability table:
 
      sol1
estado           0           1           2           3           4           5
     0 0.000000000 0.666666667 0.000000000 1.000000000 0.727272727 0.480000000
     1 1.000000000 0.333333333 1.000000000 0.000000000 0.272727273 0.520000000
      sol1
estado           6           7           8           9
     0 0.833333333 0.928571429 0.947368421 0.993150685
     1 0.166666667 0.071428571 0.052631579 0.006849315

