
  Bayesian network parameters

  Parameters of node score (multinomial distribution)

Conditional probability table:
           1           2           3           4           5           6 
0.005361930 0.013404826 0.032171582 0.056300268 0.126005362 0.128686327 
          7           8           9          10          11          12 
0.174262735 0.209115282 0.099195710 0.115281501 0.037533512 0.002680965 

  Parameters of node score_a (multinomial distribution)

Conditional probability table:
 
       score
score_a          1          2          3          4          5          6
      0 0.00000000 0.00000000 0.08333333 0.00000000 0.00000000 0.00000000
      1 1.00000000 0.80000000 0.08333333 0.04761905 0.02127660 0.00000000
      2 0.00000000 0.20000000 0.66666667 0.23809524 0.21276596 0.14583333
      3 0.00000000 0.00000000 0.16666667 0.66666667 0.46808511 0.33333333
      4 0.00000000 0.00000000 0.00000000 0.04761905 0.23404255 0.41666667
      5 0.00000000 0.00000000 0.00000000 0.00000000 0.06382979 0.08333333
      6 0.00000000 0.00000000 0.00000000 0.00000000 0.00000000 0.02083333
      7 0.00000000 0.00000000 0.00000000 0.00000000 0.00000000 0.00000000
      8 0.00000000 0.00000000 0.00000000 0.00000000 0.00000000 0.00000000
       score
score_a          7          8          9         10         11         12
      0 0.00000000 0.00000000 0.00000000 0.00000000 0.00000000 0.00000000
      1 0.00000000 0.00000000 0.00000000 0.00000000 0.00000000 0.00000000
      2 0.00000000 0.00000000 0.00000000 0.00000000 0.00000000 0.00000000
      3 0.15384615 0.00000000 0.00000000 0.00000000 0.00000000 0.00000000
      4 0.46153846 0.23076923 0.00000000 0.00000000 0.00000000 0.00000000
      5 0.35384615 0.57692308 0.40540541 0.00000000 0.00000000 0.00000000
      6 0.03076923 0.19230769 0.48648649 0.60465116 0.00000000 0.00000000
      7 0.00000000 0.00000000 0.10810811 0.39534884 0.85714286 0.00000000
      8 0.00000000 0.00000000 0.00000000 0.00000000 0.14285714 1.00000000

  Parameters of node programa (multinomial distribution)

Conditional probability table:
 
        estado
programa           0           1
       1 0.005988024 0.000000000
       2 0.059880240 0.153846154
       3 0.233532934 0.230769231
       4 0.278443114 0.435897436
       5 0.422155689 0.179487179

  Parameters of node sol1 (multinomial distribution)

Conditional probability table:
           0           1           2           3           4           5 
0.018766756 0.005361930 0.002680965 0.005361930 0.032171582 0.072386059 
          6           7           8           9 
0.085790885 0.139410188 0.252010724 0.386058981 

  Parameters of node estado (multinomial distribution)

Conditional probability table:
 
      sol1
estado          0          1          2          3          4          5
     0 0.00000000 0.50000000 0.00000000 1.00000000 0.66666667 0.51851852
     1 1.00000000 0.50000000 1.00000000 0.00000000 0.33333333 0.48148148
      sol1
estado          6          7          8          9
     0 0.84375000 0.96153846 0.95744681 0.98611111
     1 0.15625000 0.03846154 0.04255319 0.01388889

