
  Bayesian network parameters

  Parameters of node pt (multinomial distribution)

Conditional probability table:
           0           1           2           3           4           5 
0.312834225 0.368983957 0.197860963 0.106951872 0.005347594 0.005347594 
          6 
0.002673797 

  Parameters of node game_score (multinomial distribution)

Conditional probability table:
 
          pt
game_score          0          1          2          3          4          5
         0 0.70085470 0.35507246 0.05405405 0.00000000 0.00000000 0.00000000
         1 0.25641026 0.44202899 0.41891892 0.05000000 0.00000000 0.00000000
         2 0.04273504 0.18840580 0.45945946 0.42500000 0.00000000 0.00000000
         3 0.00000000 0.01449275 0.06756757 0.42500000 0.00000000 0.00000000
         4 0.00000000 0.00000000 0.00000000 0.10000000 1.00000000 1.00000000
         5 0.00000000 0.00000000 0.00000000 0.00000000 0.00000000 0.00000000
          pt
game_score          6
         0 0.00000000
         1 0.00000000
         2 0.00000000
         3 0.00000000
         4 0.00000000
         5 1.00000000

  Parameters of node op4 (multinomial distribution)

Conditional probability table:
 
   game_score
op4         0         1         2         3         4         5
  0 0.3481481 0.5483871 0.7073171 0.7916667 0.7500000 1.0000000
  1 0.6518519 0.4516129 0.2926829 0.2083333 0.2500000 0.0000000

  Parameters of node op5 (multinomial distribution)

Conditional probability table:
 
, , op4 = 0

   game_score
op5         0         1         2         3         4         5
  0 0.4893617 0.7205882 0.8275862 1.0000000 1.0000000 1.0000000
  1 0.5106383 0.2794118 0.1724138 0.0000000 0.0000000 0.0000000

, , op4 = 1

   game_score
op5         0         1         2         3         4 5
  0 0.3181818 0.6071429 0.6666667 0.8000000 0.5000000  
  1 0.6818182 0.3928571 0.3333333 0.2000000 0.5000000  


  Parameters of node sv1 (multinomial distribution)

Conditional probability table:
 
   game_score
sv1          0          1          2          3          4          5
  0 0.00000000 0.00000000 0.02439024 0.08333333 0.25000000 1.00000000
  1 1.00000000 1.00000000 0.97560976 0.91666667 0.75000000 0.00000000

  Parameters of node sv2 (multinomial distribution)

Conditional probability table:
 
, , sv5 = 0

   sv1
sv2         0         1
  0 0.7500000 0.1555556
  1 0.2500000 0.8444444

, , sv5 = 1

   sv1
sv2         0         1
  0 0.0000000 0.0310559
  1 1.0000000 0.9689441


  Parameters of node sv4 (multinomial distribution)

Conditional probability table:
 
, , op5 = 0

   op4
sv4         0         1
  0 0.5068493 0.0000000
  1 0.4931507 1.0000000

, , op5 = 1

   op4
sv4         0         1
  0 0.1886792 0.0000000
  1 0.8113208 1.0000000


  Parameters of node sv5 (multinomial distribution)

Conditional probability table:
 
, , op5 = 0

   game_score
sv5          0          1          2          3          4          5
  0 0.01960784 0.16867470 0.28125000 0.47826087 0.57142857 1.00000000
  1 0.98039216 0.83132530 0.71875000 0.52173913 0.42857143 0.00000000

, , op5 = 1

   game_score
sv5          0          1          2          3          4 5
  0 0.00000000 0.00000000 0.00000000 0.00000000 0.00000000  
  1 1.00000000 1.00000000 1.00000000 1.00000000 1.00000000  


  Parameters of node score (multinomial distribution)

Conditional probability table:
 
     op4
score           0           1
   1  0.005025126 0.000000000
   2  0.015075377 0.017142857
   3  0.025125628 0.040000000
   4  0.085427136 0.045714286
   5  0.155778894 0.091428571
   6  0.135678392 0.148571429
   7  0.105527638 0.211428571
   8  0.180904523 0.234285714
   9  0.115577889 0.080000000
   10 0.130653266 0.097142857
   11 0.045226131 0.022857143
   12 0.000000000 0.011428571

  Parameters of node score_a (multinomial distribution)

Conditional probability table:
 
       score
score_a          1          2          3          4          5          6
      1 1.00000000 0.50000000 0.16666667 0.04000000 0.02127660 0.00000000
      2 0.00000000 0.50000000 0.75000000 0.20000000 0.25531915 0.09433962
      3 0.00000000 0.00000000 0.08333333 0.72000000 0.44680851 0.32075472
      4 0.00000000 0.00000000 0.00000000 0.04000000 0.23404255 0.50943396
      5 0.00000000 0.00000000 0.00000000 0.00000000 0.04255319 0.05660377
      6 0.00000000 0.00000000 0.00000000 0.00000000 0.00000000 0.01886792
      7 0.00000000 0.00000000 0.00000000 0.00000000 0.00000000 0.00000000
      8 0.00000000 0.00000000 0.00000000 0.00000000 0.00000000 0.00000000
       score
score_a          7          8          9         10         11         12
      1 0.00000000 0.00000000 0.00000000 0.00000000 0.00000000 0.00000000
      2 0.00000000 0.00000000 0.00000000 0.00000000 0.00000000 0.00000000
      3 0.18965517 0.00000000 0.00000000 0.00000000 0.00000000 0.00000000
      4 0.43103448 0.28571429 0.00000000 0.00000000 0.00000000 0.00000000
      5 0.36206897 0.54545455 0.45945946 0.00000000 0.00000000 0.00000000
      6 0.01724138 0.15584416 0.45945946 0.62790698 0.00000000 0.00000000
      7 0.00000000 0.01298701 0.08108108 0.37209302 0.84615385 0.00000000
      8 0.00000000 0.00000000 0.00000000 0.00000000 0.15384615 1.00000000

  Parameters of node score_p (multinomial distribution)

Conditional probability table:
 
       score
score_p          1          2          3          4          5          6
      0 0.00000000 0.16666667 0.41666667 0.04000000 0.00000000 0.00000000
      1 1.00000000 0.50000000 0.33333333 0.44000000 0.19148936 0.09433962
      2 0.00000000 0.33333333 0.25000000 0.40000000 0.48936170 0.35849057
      3 0.00000000 0.00000000 0.00000000 0.12000000 0.27659574 0.32075472
      4 0.00000000 0.00000000 0.00000000 0.00000000 0.04255319 0.18867925
      5 0.00000000 0.00000000 0.00000000 0.00000000 0.00000000 0.03773585
       score
score_p          7          8          9         10         11         12
      0 0.00000000 0.00000000 0.00000000 0.00000000 0.00000000 0.00000000
      1 0.00000000 0.01298701 0.00000000 0.00000000 0.00000000 0.00000000
      2 0.20689655 0.03896104 0.02702703 0.00000000 0.00000000 0.00000000
      3 0.43103448 0.27272727 0.16216216 0.00000000 0.00000000 0.00000000
      4 0.29310345 0.42857143 0.48648649 0.46511628 0.15384615 0.00000000
      5 0.06896552 0.24675325 0.32432432 0.53488372 0.84615385 1.00000000

  Parameters of node score_d (multinomial distribution)

Conditional probability table:
 
       score_a
score_d          1          2          3          4          5          6
      0 0.37500000 0.11764706 0.11764706 0.02325581 0.01176471 0.00000000
      1 0.50000000 0.50000000 0.42647059 0.25581395 0.10588235 0.03448276
      2 0.12500000 0.35294118 0.38235294 0.44186047 0.44705882 0.17241379
      3 0.00000000 0.02941176 0.07352941 0.25581395 0.38823529 0.60344828
      4 0.00000000 0.00000000 0.00000000 0.02325581 0.04705882 0.18965517
       score_a
score_d          7          8
      0 0.00000000 0.00000000
      1 0.00000000 0.00000000
      2 0.03225806 0.00000000
      3 0.29032258 0.25000000
      4 0.67741935 0.75000000

  Parameters of node programa (multinomial distribution)

Conditional probability table:
 
, , estado = 0

        sv5
programa          0          1
       1 0.04761905 0.00000000
       2 0.09523810 0.05460751
       3 0.09523810 0.25597270
       4 0.35714286 0.26279863
       5 0.40476190 0.42662116

, , estado = 1

        sv5
programa          0          1
       1 0.00000000 0.00000000
       2 0.14285714 0.15625000
       3 0.57142857 0.15625000
       4 0.14285714 0.53125000
       5 0.14285714 0.15625000


  Parameters of node sol1 (multinomial distribution)

Conditional probability table:
           0           1           2           3           4           5 
0.018716578 0.008021390 0.002673797 0.005347594 0.029411765 0.050802139 
          6           7           8           9 
0.098930481 0.141711230 0.245989305 0.398395722 

  Parameters of node estado (multinomial distribution)

Conditional probability table:
 
      sol1
estado          0          1          2          3          4          5
     0 0.00000000 0.66666667 0.00000000 1.00000000 0.54545455 0.63157895
     1 1.00000000 0.33333333 1.00000000 0.00000000 0.45454545 0.36842105
      sol1
estado          6          7          8          9
     0 0.83783784 0.92452830 0.93478261 0.98657718
     1 0.16216216 0.07547170 0.06521739 0.01342282

