
  Bayesian network parameters

  Parameters of node pt (multinomial distribution)

Conditional probability table:
           0           1           2           3           4           5 
0.304812834 0.368983957 0.213903743 0.090909091 0.016042781 0.002673797 
          6 
0.002673797 

  Parameters of node game_score (multinomial distribution)

Conditional probability table:
 
          pt
game_score          0          1          2          3          4          5
         0 0.71929825 0.34782609 0.05000000 0.00000000 0.00000000 0.00000000
         1 0.24561404 0.42753623 0.43750000 0.05882353 0.00000000 0.00000000
         2 0.03508772 0.20289855 0.46250000 0.47058824 0.16666667 0.00000000
         3 0.00000000 0.02173913 0.05000000 0.35294118 0.16666667 0.00000000
         4 0.00000000 0.00000000 0.00000000 0.11764706 0.66666667 1.00000000
         5 0.00000000 0.00000000 0.00000000 0.00000000 0.00000000 0.00000000
          pt
game_score          6
         0 0.00000000
         1 0.00000000
         2 0.00000000
         3 0.00000000
         4 0.00000000
         5 1.00000000

  Parameters of node op1 (multinomial distribution)

Conditional probability table:
 
   game_score
op1         0         1         2         3         4         5
  0 0.2761194 0.4758065 0.5465116 0.5000000 1.0000000 1.0000000
  1 0.7238806 0.5241935 0.4534884 0.5000000 0.0000000 0.0000000

  Parameters of node op3 (multinomial distribution)

Conditional probability table:
 
   game_score
op3         0         1         2         3         4         5
  0 0.4179104 0.6451613 0.8023256 0.8500000 0.8888889 1.0000000
  1 0.5820896 0.3548387 0.1976744 0.1500000 0.1111111 0.0000000

  Parameters of node op4 (multinomial distribution)

Conditional probability table:
 
   game_score
op4         0         1         2         3         4         5
  0 0.2985075 0.5725806 0.7093023 0.8500000 0.7777778 1.0000000
  1 0.7014925 0.4274194 0.2906977 0.1500000 0.2222222 0.0000000

  Parameters of node sv1 (multinomial distribution)

Conditional probability table:
 
   game_score
sv1          0          1          2          3          4          5
  0 0.00000000 0.00000000 0.02325581 0.10000000 0.44444444 1.00000000
  1 1.00000000 1.00000000 0.97674419 0.90000000 0.55555556 0.00000000

  Parameters of node sv3 (multinomial distribution)

Conditional probability table:
 
   op3
sv3 0 1
  0 1 0
  1 0 1

  Parameters of node sv4 (multinomial distribution)

Conditional probability table:
 
, , op4 = 0, sv5 = 0

   op3
sv4         0         1
  0 0.7352941 0.7500000
  1 0.2647059 0.2500000

, , op4 = 1, sv5 = 0

   op3
sv4         0 1
  0 0.0000000  
  1 1.0000000  

, , op4 = 0, sv5 = 1

   op3
sv4         0         1
  0 0.5135135 0.2708333
  1 0.4864865 0.7291667

, , op4 = 1, sv5 = 1

   op3
sv4         0         1
  0 0.0000000 0.0000000
  1 1.0000000 1.0000000


  Parameters of node sv5 (multinomial distribution)

Conditional probability table:
 
, , op3 = 0

   game_score
sv5          0          1          2          3          4          5
  0 0.03571429 0.15000000 0.26086957 0.64705882 0.25000000 1.00000000
  1 0.96428571 0.85000000 0.73913043 0.35294118 0.75000000 0.00000000

, , op3 = 1

   game_score
sv5          0          1          2          3          4 5
  0 0.00000000 0.09090909 0.00000000 0.00000000 0.00000000  
  1 1.00000000 0.90909091 1.00000000 1.00000000 1.00000000  


  Parameters of node sv6 (multinomial distribution)

Conditional probability table:
 
, , sv4 = 0

   game_score
sv6          0          1          2          3          4          5
  0 0.00000000 0.18181818 0.42105263 0.72727273 0.80000000 1.00000000
  1 1.00000000 0.81818182 0.57894737 0.27272727 0.20000000 0.00000000

, , sv4 = 1

   game_score
sv6          0          1          2          3          4 5
  0 0.07258065 0.12087912 0.27083333 0.44444444 0.00000000  
  1 0.92741935 0.87912088 0.72916667 0.55555556 1.00000000  


  Parameters of node score (multinomial distribution)

Conditional probability table:
           1           2           3           4           5           6 
0.005347594 0.013368984 0.040106952 0.064171123 0.125668449 0.152406417 
          7           8           9          10          11          12 
0.147058824 0.192513369 0.120320856 0.101604278 0.032085561 0.005347594 

  Parameters of node score_a (multinomial distribution)

Conditional probability table:
 
       score
score_a          1          2          3          4          5          6
      0 0.00000000 0.00000000 0.06666667 0.00000000 0.00000000 0.00000000
      1 1.00000000 0.40000000 0.06666667 0.00000000 0.00000000 0.00000000
      2 0.00000000 0.60000000 0.73333333 0.20833333 0.27659574 0.10526316
      3 0.00000000 0.00000000 0.13333333 0.79166667 0.46808511 0.31578947
      4 0.00000000 0.00000000 0.00000000 0.00000000 0.17021277 0.47368421
      5 0.00000000 0.00000000 0.00000000 0.00000000 0.08510638 0.08771930
      6 0.00000000 0.00000000 0.00000000 0.00000000 0.00000000 0.01754386
      7 0.00000000 0.00000000 0.00000000 0.00000000 0.00000000 0.00000000
      8 0.00000000 0.00000000 0.00000000 0.00000000 0.00000000 0.00000000
       score
score_a          7          8          9         10         11         12
      0 0.00000000 0.00000000 0.00000000 0.00000000 0.00000000 0.00000000
      1 0.00000000 0.00000000 0.00000000 0.00000000 0.00000000 0.00000000
      2 0.00000000 0.00000000 0.00000000 0.00000000 0.00000000 0.00000000
      3 0.16363636 0.00000000 0.00000000 0.00000000 0.00000000 0.00000000
      4 0.45454545 0.26388889 0.00000000 0.00000000 0.00000000 0.00000000
      5 0.34545455 0.58333333 0.46666667 0.00000000 0.00000000 0.00000000
      6 0.03636364 0.13888889 0.44444444 0.57894737 0.00000000 0.00000000
      7 0.00000000 0.01388889 0.08888889 0.42105263 1.00000000 0.00000000
      8 0.00000000 0.00000000 0.00000000 0.00000000 0.00000000 1.00000000

  Parameters of node programa (multinomial distribution)

Conditional probability table:
 
, , estado = 0

        sv5
programa          0          1
       1 0.04651163 0.00000000
       2 0.09302326 0.05154639
       3 0.09302326 0.25429553
       4 0.30232558 0.26460481
       5 0.46511628 0.42955326

, , estado = 1

        sv5
programa          0          1
       1 0.00000000 0.00000000
       2 0.14285714 0.15151515
       3 0.42857143 0.12121212
       4 0.28571429 0.51515152
       5 0.14285714 0.21212121


  Parameters of node sol1 (multinomial distribution)

Conditional probability table:
           0           1           2           3           4           5 
0.018716578 0.002673797 0.002673797 0.002673797 0.026737968 0.072192513 
          6           7           8           9 
0.085561497 0.149732620 0.243315508 0.395721925 

  Parameters of node estado (multinomial distribution)

Conditional probability table:
 
      sol1
estado          0          1          2          3          4          5
     0 0.00000000 1.00000000 0.00000000 1.00000000 0.60000000 0.51851852
     1 1.00000000 0.00000000 1.00000000 0.00000000 0.40000000 0.48148148
      sol1
estado          6          7          8          9
     0 0.84375000 0.94642857 0.94505495 0.98648649
     1 0.15625000 0.05357143 0.05494505 0.01351351

