
  Bayesian network parameters

  Parameters of node lt (multinomial distribution)

Conditional probability table:
 
   game_score
lt           0          1          2          3          4          5
  0 0.92366412 0.50393701 0.16867470 0.13636364 0.00000000 0.00000000
  1 0.07633588 0.39370079 0.39759036 0.22727273 0.00000000 0.00000000
  2 0.00000000 0.10236220 0.33734940 0.09090909 0.33333333 0.00000000
  3 0.00000000 0.00000000 0.09638554 0.36363636 0.33333333 0.00000000
  4 0.00000000 0.00000000 0.00000000 0.13636364 0.22222222 0.00000000
  5 0.00000000 0.00000000 0.00000000 0.04545455 0.11111111 0.00000000
  6 0.00000000 0.00000000 0.00000000 0.00000000 0.00000000 1.00000000

  Parameters of node pt (multinomial distribution)

Conditional probability table:
           0           1           2           3           4           5 
0.321715818 0.364611260 0.187667560 0.101876676 0.013404826 0.008042895 
          6 
0.002680965 

  Parameters of node game_score (multinomial distribution)

Conditional probability table:
 
          pt
game_score          0          1          2          3          4          5
         0 0.70000000 0.32352941 0.04285714 0.00000000 0.00000000 0.00000000
         1 0.26666667 0.46323529 0.41428571 0.07894737 0.00000000 0.00000000
         2 0.03333333 0.19117647 0.48571429 0.47368421 0.20000000 0.00000000
         3 0.00000000 0.02205882 0.05714286 0.36842105 0.20000000 0.00000000
         4 0.00000000 0.00000000 0.00000000 0.07894737 0.60000000 1.00000000
         5 0.00000000 0.00000000 0.00000000 0.00000000 0.00000000 0.00000000
          pt
game_score          6
         0 0.00000000
         1 0.00000000
         2 0.00000000
         3 0.00000000
         4 0.00000000
         5 1.00000000

  Parameters of node op3 (multinomial distribution)

Conditional probability table:
 
   lt
op3          0          1          2          3          4          5
  0 0.39108911 0.78571429 0.93478261 1.00000000 1.00000000 1.00000000
  1 0.60891089 0.21428571 0.06521739 0.00000000 0.00000000 0.00000000
   lt
op3          6
  0 1.00000000
  1 0.00000000

  Parameters of node op4 (multinomial distribution)

Conditional probability table:
 
   lt
op4         0         1         2         3         4         5         6
  0 0.3465347 0.6428571 0.8260870 0.7368421 1.0000000 1.0000000 1.0000000
  1 0.6534653 0.3571429 0.1739130 0.2631579 0.0000000 0.0000000 0.0000000

  Parameters of node sv1 (multinomial distribution)

Conditional probability table:
 
   lt
sv1          0          1          2          3          4          5
  0 0.00000000 0.00000000 0.08695652 0.15789474 0.00000000 0.00000000
  1 1.00000000 1.00000000 0.91304348 0.84210526 1.00000000 1.00000000
   lt
sv1          6
  0 1.00000000
  1 0.00000000

  Parameters of node sv2 (multinomial distribution)

Conditional probability table:
 
, , sv4 = 0

   lt
sv2           0           1           2           3           4           5
  0 0.000000000 0.058823529 0.047619048 0.090909091 0.200000000 0.000000000
  1 1.000000000 0.941176471 0.952380952 0.909090909 0.800000000 1.000000000
   lt
sv2           6
  0 1.000000000
  1 0.000000000

, , sv4 = 1

   lt
sv2           0           1           2           3 4           5 6
  0 0.005208333 0.015625000 0.240000000 0.750000000   1.000000000  
  1 0.994791667 0.984375000 0.760000000 0.250000000   0.000000000  


  Parameters of node sv3 (multinomial distribution)

Conditional probability table:
 
   op3
sv3 0 1
  0 1 0
  1 0 1

  Parameters of node sv4 (multinomial distribution)

Conditional probability table:
 
, , op4 = 0

   lt
sv4         0         1         2         3         4         5         6
  0 0.1428571 0.5396825 0.5526316 0.7857143 1.0000000 0.5000000 1.0000000
  1 0.8571429 0.4603175 0.4473684 0.2142857 0.0000000 0.5000000 0.0000000

, , op4 = 1

   lt
sv4         0         1         2         3 4 5 6
  0 0.0000000 0.0000000 0.0000000 0.0000000      
  1 1.0000000 1.0000000 1.0000000 1.0000000      


  Parameters of node sv6 (multinomial distribution)

Conditional probability table:
 
   lt
sv6          0          1          2          3          4          5
  0 0.04455446 0.19387755 0.54347826 0.73684211 1.00000000 1.00000000
  1 0.95544554 0.80612245 0.45652174 0.26315789 0.00000000 0.00000000
   lt
sv6          6
  0 1.00000000
  1 0.00000000

  Parameters of node score (multinomial distribution)

Conditional probability table:
 
     sv6
score           0           1
   1  0.000000000 0.006711409
   2  0.000000000 0.016778523
   3  0.026666667 0.040268456
   4  0.106666667 0.057046980
   5  0.240000000 0.104026846
   6  0.146666667 0.140939597
   7  0.080000000 0.161073826
   8  0.186666667 0.204697987
   9  0.053333333 0.124161074
   10 0.160000000 0.090604027
   11 0.000000000 0.046979866
   12 0.000000000 0.006711409

  Parameters of node score_a (multinomial distribution)

Conditional probability table:
 
       score
score_a          1          2          3          4          5          6
      0 0.00000000 0.00000000 0.07142857 0.00000000 0.00000000 0.00000000
      1 1.00000000 0.60000000 0.14285714 0.04000000 0.02040816 0.00000000
      2 0.00000000 0.40000000 0.64285714 0.24000000 0.30612245 0.13207547
      3 0.00000000 0.00000000 0.14285714 0.68000000 0.38775510 0.24528302
      4 0.00000000 0.00000000 0.00000000 0.04000000 0.20408163 0.49056604
      5 0.00000000 0.00000000 0.00000000 0.00000000 0.08163265 0.11320755
      6 0.00000000 0.00000000 0.00000000 0.00000000 0.00000000 0.01886792
      7 0.00000000 0.00000000 0.00000000 0.00000000 0.00000000 0.00000000
      8 0.00000000 0.00000000 0.00000000 0.00000000 0.00000000 0.00000000
       score
score_a          7          8          9         10         11         12
      0 0.00000000 0.00000000 0.00000000 0.00000000 0.00000000 0.00000000
      1 0.00000000 0.00000000 0.00000000 0.00000000 0.00000000 0.00000000
      2 0.00000000 0.00000000 0.00000000 0.00000000 0.00000000 0.00000000
      3 0.18518519 0.00000000 0.00000000 0.00000000 0.00000000 0.00000000
      4 0.44444444 0.25333333 0.00000000 0.00000000 0.00000000 0.00000000
      5 0.33333333 0.54666667 0.48780488 0.00000000 0.00000000 0.00000000
      6 0.03703704 0.18666667 0.41463415 0.56410256 0.00000000 0.00000000
      7 0.00000000 0.01333333 0.09756098 0.43589744 0.85714286 0.00000000
      8 0.00000000 0.00000000 0.00000000 0.00000000 0.14285714 1.00000000

  Parameters of node programa (multinomial distribution)

Conditional probability table:
 
, , estado = 0

        sv6
programa          0          1
       1 0.01408451 0.00000000
       2 0.07042254 0.05323194
       3 0.09859155 0.26615970
       4 0.35211268 0.26235741
       5 0.46478873 0.41825095

, , estado = 1

        sv6
programa          0          1
       1 0.00000000 0.00000000
       2 0.00000000 0.20000000
       3 0.75000000 0.11428571
       4 0.25000000 0.48571429
       5 0.00000000 0.20000000


  Parameters of node sol1 (multinomial distribution)

Conditional probability table:
           0           1           3           4           5           6 
0.024128686 0.008042895 0.005361930 0.032171582 0.069705094 0.099195710 
          7           8           9 
0.126005362 0.235924933 0.399463807 

  Parameters of node estado (multinomial distribution)

Conditional probability table:
 
      sol1
estado           0           1           3           4           5           6
     0 0.000000000 0.666666667 1.000000000 0.666666667 0.615384615 0.810810811
     1 1.000000000 0.333333333 0.000000000 0.333333333 0.384615385 0.189189189
      sol1
estado           7           8           9
     0 0.936170213 0.954545455 0.993288591
     1 0.063829787 0.045454545 0.006711409

