
  Bayesian network parameters

  Parameters of node pt (multinomial distribution)

Conditional probability table:
           0           1           2           3           4           5 
0.321715818 0.337801609 0.209115282 0.104557641 0.016085791 0.008042895 
          6 
0.002680965 

  Parameters of node game_score (multinomial distribution)

Conditional probability table:
 
          pt
game_score           0           1           2           3           4
         0 0.700000000 0.388888889 0.025641026 0.000000000 0.000000000
         1 0.258333333 0.380952381 0.384615385 0.076923077 0.000000000
         2 0.041666667 0.222222222 0.551282051 0.384615385 0.166666667
         3 0.000000000 0.007936508 0.038461538 0.461538462 0.166666667
         4 0.000000000 0.000000000 0.000000000 0.076923077 0.666666667
         5 0.000000000 0.000000000 0.000000000 0.000000000 0.000000000
          pt
game_score           5           6
         0 0.000000000 0.000000000
         1 0.000000000 0.000000000
         2 0.000000000 0.000000000
         3 0.000000000 0.000000000
         4 1.000000000 0.000000000
         5 0.000000000 1.000000000

  Parameters of node op1 (multinomial distribution)

Conditional probability table:
 
   game_score
op1         0         1         2         3         4         5
  0 0.3111111 0.4732143 0.5326087 0.4347826 0.9000000 1.0000000
  1 0.6888889 0.5267857 0.4673913 0.5652174 0.1000000 0.0000000

  Parameters of node op5 (multinomial distribution)

Conditional probability table:
 
   game_score
op5          0          1          2          3          4          5
  0 0.32592593 0.66071429 0.78260870 0.95652174 0.80000000 1.00000000
  1 0.67407407 0.33928571 0.21739130 0.04347826 0.20000000 0.00000000

  Parameters of node op6 (multinomial distribution)

Conditional probability table:
 
   game_score
op6         0         1         2         3         4         5
  0 0.3481481 0.4910714 0.7173913 0.7391304 0.7000000 1.0000000
  1 0.6518519 0.5089286 0.2826087 0.2608696 0.3000000 0.0000000

  Parameters of node sv1 (multinomial distribution)

Conditional probability table:
 
   game_score
sv1          0          1          2          3          4          5
  0 0.00000000 0.00000000 0.03260870 0.04347826 0.40000000 1.00000000
  1 1.00000000 1.00000000 0.96739130 0.95652174 0.60000000 0.00000000

  Parameters of node sv4 (multinomial distribution)

Conditional probability table:
 
, , op5 = 0

   game_score
sv4          0          1          2          3          4          5
  0 0.15909091 0.24324324 0.44444444 0.59090909 0.62500000 1.00000000
  1 0.84090909 0.75675676 0.55555556 0.40909091 0.37500000 0.00000000

, , op5 = 1

   game_score
sv4          0          1          2          3          4 5
  0 0.04395604 0.15789474 0.20000000 0.00000000 0.00000000  
  1 0.95604396 0.84210526 0.80000000 1.00000000 1.00000000  


  Parameters of node sv5 (multinomial distribution)

Conditional probability table:
 
, , sv6 = 0

   op5
sv5         0         1
  0 0.3666667 0.0000000
  1 0.6333333 1.0000000

, , sv6 = 1

   op5
sv5         0         1
  0 0.1490683 0.0000000
  1 0.8509317 1.0000000


  Parameters of node sv6 (multinomial distribution)

Conditional probability table:
 
, , op6 = 0

   game_score
sv6         0         1         2         3         4         5
  0 0.1702128 0.3090909 0.4848485 0.8235294 0.5714286 1.0000000
  1 0.8297872 0.6909091 0.5151515 0.1764706 0.4285714 0.0000000

, , op6 = 1

   game_score
sv6         0         1         2         3         4 5
  0 0.0000000 0.0000000 0.0000000 0.0000000 0.0000000  
  1 1.0000000 1.0000000 1.0000000 1.0000000 1.0000000  


  Parameters of node score (multinomial distribution)

Conditional probability table:
 
     sv6
score           0           1
   1  0.000000000 0.006734007
   2  0.000000000 0.016835017
   3  0.013157895 0.037037037
   4  0.065789474 0.053872054
   5  0.263157895 0.090909091
   6  0.131578947 0.127946128
   7  0.105263158 0.191919192
   8  0.210526316 0.208754209
   9  0.052631579 0.111111111
   10 0.157894737 0.104377104
   11 0.000000000 0.047138047
   12 0.000000000 0.003367003

  Parameters of node score_a (multinomial distribution)

Conditional probability table:
 
       score
score_a          1          2          3          4          5          6
      0 0.00000000 0.00000000 0.08333333 0.00000000 0.00000000 0.00000000
      1 1.00000000 0.80000000 0.08333333 0.04761905 0.02127660 0.00000000
      2 0.00000000 0.20000000 0.66666667 0.23809524 0.21276596 0.14583333
      3 0.00000000 0.00000000 0.16666667 0.66666667 0.46808511 0.33333333
      4 0.00000000 0.00000000 0.00000000 0.04761905 0.23404255 0.41666667
      5 0.00000000 0.00000000 0.00000000 0.00000000 0.06382979 0.08333333
      6 0.00000000 0.00000000 0.00000000 0.00000000 0.00000000 0.02083333
      7 0.00000000 0.00000000 0.00000000 0.00000000 0.00000000 0.00000000
      8 0.00000000 0.00000000 0.00000000 0.00000000 0.00000000 0.00000000
       score
score_a          7          8          9         10         11         12
      0 0.00000000 0.00000000 0.00000000 0.00000000 0.00000000 0.00000000
      1 0.00000000 0.00000000 0.00000000 0.00000000 0.00000000 0.00000000
      2 0.00000000 0.00000000 0.00000000 0.00000000 0.00000000 0.00000000
      3 0.15384615 0.00000000 0.00000000 0.00000000 0.00000000 0.00000000
      4 0.46153846 0.23076923 0.00000000 0.00000000 0.00000000 0.00000000
      5 0.35384615 0.57692308 0.40540541 0.00000000 0.00000000 0.00000000
      6 0.03076923 0.19230769 0.48648649 0.60465116 0.00000000 0.00000000
      7 0.00000000 0.00000000 0.10810811 0.39534884 0.85714286 0.00000000
      8 0.00000000 0.00000000 0.00000000 0.00000000 0.14285714 1.00000000

  Parameters of node score_p (multinomial distribution)

Conditional probability table:
 
       score
score_p          1          2          3          4          5          6
      0 0.50000000 0.00000000 0.25000000 0.04761905 0.00000000 0.00000000
      1 0.50000000 0.80000000 0.58333333 0.52380952 0.19148936 0.08333333
      2 0.00000000 0.20000000 0.16666667 0.28571429 0.51063830 0.31250000
      3 0.00000000 0.00000000 0.00000000 0.14285714 0.25531915 0.31250000
      4 0.00000000 0.00000000 0.00000000 0.00000000 0.04255319 0.27083333
      5 0.00000000 0.00000000 0.00000000 0.00000000 0.00000000 0.02083333
       score
score_p          7          8          9         10         11         12
      0 0.00000000 0.00000000 0.00000000 0.00000000 0.00000000 0.00000000
      1 0.01538462 0.00000000 0.00000000 0.00000000 0.00000000 0.00000000
      2 0.21538462 0.03846154 0.05405405 0.00000000 0.00000000 0.00000000
      3 0.41538462 0.29487179 0.18918919 0.00000000 0.00000000 0.00000000
      4 0.29230769 0.43589744 0.48648649 0.48837209 0.21428571 0.00000000
      5 0.06153846 0.23076923 0.27027027 0.51162791 0.78571429 1.00000000

  Parameters of node programa (multinomial distribution)

Conditional probability table:
 
, , estado = 0

        sv6
programa           0           1
       1 0.014285714 0.003787879
       2 0.100000000 0.049242424
       3 0.142857143 0.257575758
       4 0.300000000 0.272727273
       5 0.442857143 0.416666667

, , estado = 1

        sv6
programa           0           1
       1 0.000000000 0.000000000
       2 0.000000000 0.181818182
       3 0.833333333 0.121212121
       4 0.000000000 0.515151515
       5 0.166666667 0.181818182


  Parameters of node sol1 (multinomial distribution)

Conditional probability table:
           0           1           2           3           4           5 
0.018766756 0.005361930 0.002680965 0.005361930 0.032171582 0.072386059 
          6           7           8           9 
0.085790885 0.139410188 0.252010724 0.386058981 

  Parameters of node estado (multinomial distribution)

Conditional probability table:
 
      sol1
estado          0          1          2          3          4          5
     0 0.00000000 0.50000000 0.00000000 1.00000000 0.66666667 0.51851852
     1 1.00000000 0.50000000 1.00000000 0.00000000 0.33333333 0.48148148
      sol1
estado          6          7          8          9
     0 0.84375000 0.96153846 0.95744681 0.98611111
     1 0.15625000 0.03846154 0.04255319 0.01388889

