
  Bayesian network parameters

  Parameters of node tt (multinomial distribution)

Conditional probability table:
                   0 0.00308137780128714 0.00742454586414376   0.020506591919043 
        0.305970149         0.001492537         0.001492537         0.001492537 
 0.0240179545837207  0.0254722237889913  0.0270508025883739  0.0275373086613244 
        0.001492537         0.001492537         0.001492537         0.001492537 
 0.0287663658724526  0.0294061293465413  0.0312549035360667  0.0461896142541139 
        0.001492537         0.001492537         0.001492537         0.001492537 
 0.0490621753493556  0.0805548348508354  0.0832837934676219  0.0981682576008722 
        0.001492537         0.001492537         0.001492537         0.001492537 
 0.0987317643518565    0.11046889848125   0.113963855529065   0.129117414354683 
        0.001492537         0.001492537         0.001492537         0.001492537 
  0.132316933308304   0.146518436171004   0.147464273176843   0.154039700881677 
        0.001492537         0.001492537         0.001492537         0.001492537 
  0.157179090799053   0.159885131315592   0.188148816502748   0.192866274418422 
        0.001492537         0.001492537         0.001492537         0.001492537 
  0.207577336476123   0.212305368753534   0.230168454993484    0.23731472325242 
        0.001492537         0.001492537         0.001492537         0.001492537 
  0.242165893959201   0.245846764352621   0.245967641907157   0.254688958434164 
        0.001492537         0.001492537         0.001492537         0.001492537 
  0.257909830694323   0.273180906628963   0.277262429579405   0.303242586496714 
        0.001492537         0.001492537         0.001492537         0.001492537 
  0.306897622024405   0.330537846394912    0.33088713061514   0.331053423103638 
        0.001492537         0.001492537         0.001492537         0.001492537 
  0.360317576134014   0.369027686414174   0.375993682076477   0.379743270128726 
        0.001492537         0.001492537         0.001492537         0.001492537 
  0.392084029022324   0.402797655431635   0.413341256879386   0.413629130379868 
        0.001492537         0.001492537         0.001492537         0.001492537 
  0.419721447175053   0.420732938162634   0.428443957457332   0.437376513446875 
        0.001492537         0.001492537         0.001492537         0.001492537 
  0.440814237793269   0.457361597910899   0.458775751494656    0.45928872400264 
        0.001492537         0.001492537         0.001492537         0.001492537 
  0.462772395965854   0.485616180144018    0.49252657941214   0.495323020571167 
        0.001492537         0.001492537         0.001492537         0.001492537 
  0.520062365950558   0.529211561781687   0.555953434645421   0.569566982037125 
        0.001492537         0.001492537         0.001492537         0.001492537 
  0.577617865799418    0.58795617036373   0.591325952359769   0.621959765501274 
        0.001492537         0.001492537         0.001492537         0.001492537 
  0.641634106453399    0.65641473289151   0.681457979465243    0.68554080919472 
        0.001492537         0.001492537         0.001492537         0.001492537 
  0.703461189829036   0.704982743500508   0.705172989305598   0.730496404806057 
        0.001492537         0.001492537         0.001492537         0.001492537 
   0.76449435261425   0.767995989619859   0.777541880917636   0.786299196935218 
        0.001492537         0.001492537         0.001492537         0.001492537 
  0.819129559474656   0.819718900809321   0.819893949803224   0.821839269605967 
        0.001492537         0.001492537         0.001492537         0.001492537 
  0.824049587028752   0.834901775291161   0.838990688474096   0.862744812427844 
        0.001492537         0.001492537         0.001492537         0.001492537 
  0.865878679807622   0.877287795133936     0.8804689514452    0.88396835277395 
        0.001492537         0.001492537         0.001492537         0.001492537 
  0.892378546490159   0.896373819879564   0.897376605275261   0.915500324029665 
        0.001492537         0.001492537         0.001492537         0.001492537 
  0.932486699558576   0.934430278339931   0.945885938866779   0.969824682221863 
        0.001492537         0.001492537         0.001492537         0.001492537 
  0.973502579742996   0.983320131574027   0.985786211603956                   1 
        0.001492537         0.001492537         0.001492537         0.223880597 
    1.0013496076544    1.00191571146964    1.03092100228689    1.03391050298873 
        0.001492537         0.001492537         0.001492537         0.001492537 
   1.04987801958575    1.05967254002069    1.06552225739217    1.10478796918878 
        0.001492537         0.001492537         0.001492537         0.001492537 
   1.11194894217186    1.12388469983289    1.12568966134902    1.15059347258838 
        0.001492537         0.001492537         0.001492537         0.001492537 
   1.15952916291962    1.16843869817187    1.18845867493555    1.23571264054467 
        0.001492537         0.001492537         0.001492537         0.001492537 
   1.24271499917708    1.25628321680904    1.26574031110034     1.2789630542438 
        0.001492537         0.001492537         0.001492537         0.001492537 
   1.29836553143838    1.29981000864348    1.30548935842466    1.30707472241234 
        0.001492537         0.001492537         0.001492537         0.001492537 
   1.30788429244472    1.34328589178124    1.34477103517534    1.35378491033427 
        0.001492537         0.001492537         0.001492537         0.001492537 
   1.39606795659539    1.43524976833055    1.43910807640084    1.44448113499637 
        0.001492537         0.001492537         0.001492537         0.001492537 
   1.47121641210441    1.50036806403563    1.50413530496678    1.51552661177692 
        0.001492537         0.001492537         0.001492537         0.001492537 
   1.52564654817988    1.53656242180252    1.55870953000536    1.58338624898102 
        0.001492537         0.001492537         0.001492537         0.001492537 
   1.59867800895285    1.61109674410486    1.61562932582674    1.63077833802735 
        0.001492537         0.001492537         0.001492537         0.001492537 
   1.63401455862561    1.64629878215091    1.67191909103278    1.68235928782643 
        0.001492537         0.001492537         0.001492537         0.001492537 
   1.69329435878114     1.7096868743536    1.74099895665762    1.74707471825789 
        0.001492537         0.001492537         0.001492537         0.001492537 
   1.76770217845674    1.77087821013421    1.78803631512521    1.79786197212059 
        0.001492537         0.001492537         0.001492537         0.001492537 
   1.79984223614508    1.81246196355914    1.84527319613252    1.86699194314524 
        0.001492537         0.001492537         0.001492537         0.001492537 
   1.88261823950014    1.88423031885817    1.89758366570521    1.90032210203426 
        0.001492537         0.001492537         0.001492537         0.001492537 
   1.91295519538692    1.92061897875388    1.92751863566808    1.94459666207515 
        0.001492537         0.001492537         0.001492537         0.001492537 
    1.9524089675478    1.95780075834883    1.95858487571798    1.98695820794244 
        0.001492537         0.001492537         0.001492537         0.001492537 
                  2    2.01256625473878    2.05186632383878    2.33104358761994 
        0.150746269         0.001492537         0.001492537         0.001492537 
   2.66620654915404    2.95800051789076    2.98564782773042                   3 
        0.001492537         0.001492537         0.001492537         0.031343284 
                  4                   5 
        0.010447761         0.002985075 

  Parameters of node game_score (multinomial distribution)

Conditional probability table:
                   0 0.00191571146964276  0.0254722237889913  0.0309210022868858 
        0.313432836         0.001492537         0.001492537         0.001492537 
 0.0381183124304402  0.0541016051767478  0.0588122586930826  0.0732592180855018 
        0.001492537         0.001492537         0.001492537         0.001492537 
 0.0785895453995263  0.0890569874646243   0.104787969188779     0.1195310485548 
        0.001492537         0.001492537         0.001492537         0.001492537 
  0.125689661349021   0.129117414354683    0.13189167744691    0.15059347258838 
        0.001492537         0.001492537         0.001492537         0.001492537 
  0.153448811012202   0.159885131315592   0.162552148243402   0.165098224708839 
        0.001492537         0.001492537         0.001492537         0.001492537 
  0.166567586935244   0.168438698171872   0.188148816502748   0.193134764775362 
        0.001492537         0.001492537         0.001492537         0.001492537 
   0.20017865406405   0.205246789449478   0.222297377361387   0.245988376713616 
        0.001492537         0.001492537         0.001492537         0.001492537 
  0.247661510285583   0.256401096772385   0.265740311100341   0.278963054243802 
        0.001492537         0.001492537         0.001492537         0.001492537 
  0.284783491018562   0.299641566015215   0.305489358424663     0.3208170532267 
        0.001492537         0.001492537         0.001492537         0.001492537 
  0.396067956595393   0.414978377345236   0.419495344237048   0.419721447175053 
        0.001492537         0.001492537         0.001492537         0.001492537 
  0.428443957457332   0.435249768330546   0.437376513446875   0.458778831776451 
        0.001492537         0.001492537         0.001492537         0.001492537 
  0.462772395965854   0.470836975755053   0.471216412104406    0.50413530496678 
        0.001492537         0.001492537         0.001492537         0.001492537 
  0.504488763527047   0.532761128696084   0.536562421802522   0.573458699142518 
        0.001492537         0.001492537         0.001492537         0.001492537 
  0.577617865799418    0.57976458145981   0.583386248981022   0.594229337467775 
        0.001492537         0.001492537         0.001492537         0.001492537 
   0.62897832567879   0.649182765719192   0.650869918010664   0.653942146222359 
        0.001492537         0.001492537         0.001492537         0.001492537 
   0.65691878117346   0.671919091032784   0.681457979465243   0.709686874353603 
        0.001492537         0.001492537         0.001492537         0.001492537 
  0.726819093371037   0.757763305888462   0.799842236145083   0.815389169013673 
        0.001492537         0.001492537         0.001492537         0.001492537 
  0.819129559474656   0.826811993002971   0.827223940944064   0.852535726823157 
        0.001492537         0.001492537         0.001492537         0.001492537 
  0.870499478328811    0.88396835277395   0.885439105067103   0.900322102034259 
        0.001492537         0.001492537         0.001492537         0.001492537 
  0.928350461747934   0.942115159429084   0.952408967547797   0.956477597693462 
        0.001492537         0.001492537         0.001492537         0.001492537 
  0.957800758348825   0.958584875717982   0.959306884568606   0.963759317834039 
        0.001492537         0.001492537         0.001492537         0.001492537 
  0.973502579742996   0.993479103971222                   1     1.0013496076544 
        0.001492537         0.001492537         0.234328358         0.001492537 
   1.01939513542494    1.05411406113322    1.06035984641695     1.0638232337251 
        0.001492537         0.001492537         0.001492537         0.001492537 
   1.06615846665415    1.07736340193374    1.09873176435186    1.10010622602208 
        0.001492537         0.001492537         0.001492537         0.001492537 
    1.1059818424374    1.12814160840452    1.15882035608679    1.16279224896521 
        0.001492537         0.001492537         0.001492537         0.001492537 
   1.19440468913673    1.20465150320998    1.23717672591006    1.24981596798219 
        0.001492537         0.001492537         0.001492537         0.001492537 
   1.26003118297528    1.28044596179958    1.29981000864348     1.3235391218228 
        0.001492537         0.001492537         0.001492537         0.001492537 
   1.33104358761994    1.33781072134648    1.34336371294961    1.34664717939057 
        0.001492537         0.001492537         0.001492537         0.001492537 
   1.35378491033427    1.37864250041146    1.39200246076043    1.39314959846761 
        0.001492537         0.001492537         0.001492537         0.001492537 
   1.39610564219765    1.40996548700102    1.44448113499637    1.45775016201483 
        0.001492537         0.001492537         0.001492537         0.001492537 
   1.51438381985598    1.51576377861798    1.52537055349516    1.53526897776157 
        0.001492537         0.001492537         0.001492537         0.001492537 
   1.55948816654268    1.58637086962013    1.62841381162177    1.63097231358583 
        0.001492537         0.001492537         0.001492537         0.001492537 
   1.66850227006158    1.66911286938486     1.7075088290941    1.73358229458776 
        0.001492537         0.001492537         0.001492537         0.001492537 
   1.73539421910916    1.74209016930568    1.74707471825789    1.76770217845674 
        0.001492537         0.001492537         0.001492537         0.001492537 
   1.78769463124647    1.79034137425896    1.80195918776005    1.80595883684054 
        0.001492537         0.001492537         0.001492537         0.001492537 
   1.81182304714798    1.81246196355914    1.81893997885879    1.86699194314524 
        0.001492537         0.001492537         0.001492537         0.001492537 
   1.87701617904642     1.8789170530204    1.88261823950014    1.88603614447094 
        0.001492537         0.001492537         0.001492537         0.001492537 
   1.89637381987956    1.91885179342795    1.92061897875388    1.92298014955916 
        0.001492537         0.001492537         0.001492537         0.001492537 
   1.92340990374971    1.93787758655744    1.94459666207515    1.95093782465064 
        0.001492537         0.001492537         0.001492537         0.001492537 
   1.95381038574589    1.96044729203442    1.97900025894538    1.97949340808096 
        0.001492537         0.001492537         0.001492537         0.001492537 
   1.98561681706377    1.99280874720235                   2                   3 
        0.001492537         0.001492537         0.164179104         0.035820896 
                  4                   5 
        0.011940299         0.001492537 

  Parameters of node op5 (conditional Gaussian distribution)

Conditional density: op5 | op6 + sv2 + score_a + score_p + estado
Coefficients:
                        0             1
(Intercept)   0.054615038   0.368967874
op6           0.123867109   0.281612832
sv2           0.245868183  -0.145559812
score_a      -0.006669177  -0.081069295
score_p       0.024563734   0.042418488
Standard deviation of the residuals:
        0          1  
0.4835849  0.2966616  
Discrete parents' configurations:
   estado
0       0
1       1

  Parameters of node op6 (conditional Gaussian distribution)

Conditional density: op6 | sv2 + score_a + score_p + estado
Coefficients:
                       0            1
(Intercept)   0.05657730  -0.10961344
sv2           0.37153205   0.38676911
score_a      -0.01601925  -0.08109341
score_p       0.04091337   0.13814217
Standard deviation of the residuals:
        0          1  
0.4931980  0.4197366  
Discrete parents' configurations:
   estado
0       0
1       1

  Parameters of node sv1 (Gaussian distribution)

Conditional density: sv1 | programa
Coefficients:
(Intercept)     programa  
 1.02803394  -0.01037952  
Standard deviation of the residuals: 0.1013686 

  Parameters of node sv2 (conditional Gaussian distribution)

Conditional density: sv2 | sv1 + programa + estado
Coefficients:
                        0             1
(Intercept)   0.581994592   1.204130875
sv1           0.384659356   0.000000000
programa     -0.002311317  -0.098832159
Standard deviation of the residuals:
        0          1  
0.2133711  0.3277708  
Discrete parents' configurations:
   estado
0       0
1       1

  Parameters of node sv5 (conditional Gaussian distribution)

Conditional density: sv5 | op5 + op6 + sv1 + sv2 + score_a + score_p + programa + estado
Coefficients:
                       0            1
(Intercept)   0.00591216  -0.22644385
op5           0.18037329   0.14201631
op6           0.04239926   0.09686905
sv1           0.30233953   0.00000000
sv2           0.30124970   0.15191520
score_a       0.01364872  -0.04197514
score_p       0.01161850   0.16448783
programa      0.02378760   0.15808731
Standard deviation of the residuals:
        0          1  
0.3020208  0.3664622  
Discrete parents' configurations:
   estado
0       0
1       1

  Parameters of node score (conditional Gaussian distribution)

Conditional density: score | estado
Coefficients:
                    0         1
(Intercept)  7.179104  6.077612
Standard deviation of the residuals:
       0         1  
2.146752  1.784818  
Discrete parents' configurations:
   estado
0       0
1       1

  Parameters of node score_a (conditional Gaussian distribution)

Conditional density: score_a | score + estado
Coefficients:
                      0           1
(Intercept)  -0.1346165   0.1613426
score         0.6391254   0.5874019
Standard deviation of the residuals:
        0          1  
0.7150811  0.6453890  
Discrete parents' configurations:
   estado
0       0
1       1

  Parameters of node score_p (conditional Gaussian distribution)

Conditional density: score_p | score + score_a + estado
Coefficients:
                      0           1
(Intercept)  -0.2652451  -0.3516727
score         0.9396310   0.8594680
score_a      -0.7211498  -0.6040532
Standard deviation of the residuals:
        0          1  
0.6505409  0.5583986  
Discrete parents' configurations:
   estado
0       0
1       1

  Parameters of node score_d (conditional Gaussian distribution)

Conditional density: score_d | sv2 + score + score_a + score_p + programa + estado
Coefficients:
                       0            1
(Intercept)  -0.34645647  -0.74045763
sv2           0.21118994  -0.13188194
score         0.86145695   0.65295903
score_a      -0.24997977  -0.12619599
score_p      -0.78469172  -0.49038656
programa     -0.03735608   0.10643501
Standard deviation of the residuals:
        0          1  
0.5594985  0.5317879  
Discrete parents' configurations:
   estado
0       0
1       1

  Parameters of node score_s (conditional Gaussian distribution)

Conditional density: score_s | op5 + op6 + sv2 + score + score_a + score_p + score_d + estado
Coefficients:
                       0            1
(Intercept)   0.26622655  -0.14933415
op5           0.11777664   0.08266835
op6          -0.04022535  -0.19977926
sv2           0.01087078   0.61822046
score         0.67453806   0.17491260
score_a      -0.31192127  -0.01350296
score_p      -0.52374897  -0.04950210
score_d       0.08199476   0.48733559
Standard deviation of the residuals:
        0          1  
0.5672457  0.5390006  
Discrete parents' configurations:
   estado
0       0
1       1

  Parameters of node programa (conditional Gaussian distribution)

Conditional density: programa | score + score_p + estado
Coefficients:
                       0            1
(Intercept)   4.48394867   3.89170308
score         0.01748084  -0.16285189
score_p      -0.17092624   0.17656320
Standard deviation of the residuals:
        0          1  
0.9585885  0.7259770  
Discrete parents' configurations:
   estado
0       0
1       1

  Parameters of node sol1 (multinomial distribution)

Conditional probability table:
                   0  0.0026992153087988 0.00742454586414376  0.0143831829362263 
        0.062686567         0.001492537         0.001492537         0.001492537 
 0.0287043445391624   0.111948942171864   0.120719692833906   0.293036872342007 
        0.001492537         0.001492537         0.001492537         0.001492537 
  0.314358181598105   0.599620017286951   0.647693117538317   0.667586901691913 
        0.001492537         0.001492537         0.001492537         0.001492537 
  0.668956412380065   0.707569820668542   0.730496404806057   0.767995989619859 
        0.001492537         0.001492537         0.001492537         0.001492537 
  0.773972195305875   0.865878679807622   0.894018157562603   0.922636598066258 
        0.001492537         0.001492537         0.001492537         0.001492537 
  0.934430278339931   0.985786211603956                   1    1.12388469983289 
        0.001492537         0.001492537         0.004477612         0.001492537 
   1.53540435691347    1.62492392711828    1.68075945454391    1.73398388629049 
        0.001492537         0.001492537         0.001492537         0.001492537 
   1.84123795750777    1.89626735232244    1.89758366570521                   2 
        0.001492537         0.001492537         0.001492537         0.001492537 
   2.02098443854995    2.21731198759668    2.26070625562057     2.3947120358114 
        0.001492537         0.001492537         0.001492537         0.001492537 
   2.41094646671019    2.44438697641944                   3    3.26155667605469 
        0.001492537         0.001492537         0.002985075         0.001492537 
   3.82591039077385    3.89811110484403                   4    4.02401795458372 
        0.001492537         0.001492537         0.034328358         0.001492537 
   4.08328379346762    4.11887060949028     4.1218941271033    4.14277309735661 
        0.001492537         0.001492537         0.001492537         0.001492537 
   4.16166358452653    4.16188826288546    4.25292528174211    4.31463426840774 
        0.001492537         0.001492537         0.001492537         0.001492537 
   4.33105342310364    4.33779909066304    4.46343757819748    4.54224983798517 
        0.001492537         0.001492537         0.001492537         0.001492537 
   4.54627580838995    4.55232680862699    4.57761786579942    4.62195976550127 
        0.001492537         0.001492537         0.001492537         0.001492537 
   4.69440355837616    4.69573813606054     4.7107736873166    4.73996881702472 
        0.001492537         0.001492537         0.001492537         0.001492537 
   4.81912955947466    4.84526374420498     4.8465511889878     4.8652427749918 
        0.001492537         0.001492537         0.001492537         0.001492537 
   4.87728779513394    4.88396835277395    4.89093040932098    4.89237854649016 
        0.001492537         0.001492537         0.001492537         0.001492537 
   4.93384153334585      4.973502579743    4.98332013157403                   5 
        0.001492537         0.001492537         0.001492537         0.047761194 
   5.10362618012044    5.13682614319294    5.16234218339966    5.16501885747204 
        0.001492537         0.001492537         0.001492537         0.001492537 
   5.17277605905594    5.17331748624123    5.17595041297125    5.17816073039403 
        0.001492537         0.001492537         0.001492537         0.001492537 
   5.18028109919068      5.197689886225    5.22048059914268    5.23550564738575 
        0.001492537         0.001492537         0.001492537         0.001492537 
   5.24984125305694    5.29501725649949    5.33344606604208    5.34308121882654 
        0.001492537         0.001492537         0.001492537         0.001492537 
   5.34913008198934    5.36021210039355    5.37102167432121    5.45995066640251 
        0.001492537         0.001492537         0.001492537         0.001492537 
   5.49137745865372    5.50061031944196    5.52916302424495    5.54122116822355 
        0.001492537         0.001492537         0.001492537         0.001492537 
   5.54122424850534     5.5426384020891    5.55918576220673    5.58027855282495 
        0.001492537         0.001492537         0.001492537         0.001492537 
   5.61395450962995    5.63782149222737    5.67928645338047    5.71544278583057 
        0.001492537         0.001492537         0.001492537         0.001492537 
   5.71843415467385    5.73509540395072    5.74531104156584    5.75198736415295 
        0.001492537         0.001492537         0.001492537         0.001492537 
   5.78629919693522    5.79242266352388    5.80686523522464    5.81185118349725 
        0.001492537         0.001492537         0.001492537         0.001492537 
   5.84011486868441    5.87088258564532    5.88809313070916    5.88953110151875 
        0.001492537         0.001492537         0.001492537         0.001492537 
   5.90126823564814    5.90183174239913    5.96188168756956    5.96874509646393 
        0.001492537         0.001492537         0.001492537         0.001492537 
   5.97059387065346    5.97294919741163    5.97865471990284    5.99691862219871 
        0.001492537         0.001492537         0.001492537         0.001492537 
                  6    6.02753730866132    6.02985767534372    6.05757228466549 
        0.077611940         0.001492537         0.001492537         0.001492537 
   6.08905698746462    6.20015776385492    6.20501852511801    6.23613148890881 
        0.001492537         0.001492537         0.001492537         0.001492537 
   6.24021798950446    6.24584676435262    6.27964326846096    6.29492854635369 
        0.001492537         0.001492537         0.001492537         0.001492537 
   6.29964156601521    6.31398291874807    6.32558449793042    6.34336371294961 
        0.001492537         0.001492537         0.001492537         0.001492537 
   6.45928872400264    6.50448876352705    6.53099805337143    6.54636181325793 
        0.001492537         0.001492537         0.001492537         0.001492537 
   6.59573485058765    6.60580693328471    6.61879580181596    6.66107569278982 
        0.001492537         0.001492537         0.001492537         0.001492537 
   6.67612859001608     6.7075088290941     6.7210369457562    6.72224056749818 
        0.001492537         0.001492537         0.001492537         0.001492537 
   6.72317459390202    6.73358229458776    6.75911260886039    6.76523647900028 
        0.001492537         0.001492537         0.001492537         0.001492537 
   6.79034137425896    6.80804260981876    6.86274481242784    6.89291694075748 
        0.001492537         0.001492537         0.001492537         0.001492537 
   6.91070092540825    6.92835046174793    6.93889634645272    6.93964936444373 
        0.001492537         0.001492537         0.001492537         0.001492537 
    6.9624511596801    6.97229833103757     6.9853086827342                   7 
        0.001492537         0.001492537         0.001492537         0.079104478 
   7.07910541593117    7.18265190471954    7.23016845499348    7.25137932269804 
        0.001492537         0.001492537         0.001492537         0.001492537 
   7.30324258649671    7.33687739634374    7.34477103517534    7.34646263879383 
        0.001492537         0.001492537         0.001492537         0.001492537 
    7.3630838937394    7.37108161838944    7.37974327012873    7.38808232631893 
        0.001492537         0.001492537         0.001492537         0.001492537 
   7.39208402902232     7.3960816244799    7.39610564219765    7.40692237965807 
        0.001492537         0.001492537         0.001492537         0.001492537 
    7.4103459786112    7.42073293816263    7.62364609429597    7.62841381162177 
        0.001492537         0.001492537         0.001492537         0.001492537 
   7.63787995771757    7.66980355058232     7.7609379028904    7.76268527674758 
        0.001492537         0.001492537         0.001492537         0.001492537 
   7.79213591319079    7.79786197212059    7.81984121193299    7.83770358685589 
        0.001492537         0.001492537         0.001492537         0.001492537 
   7.84681980749942    7.85281347395193    7.86143115723766    7.87049953666109 
        0.001492537         0.001492537         0.001492537         0.001492537 
    7.8854391050671    7.93248669955858    7.96847244276404                   8 
        0.001492537         0.001492537         0.001492537         0.158208955 
   8.15059347258838    8.21599507847914    8.34383818206557    8.79978754795584 
        0.001492537         0.001492537         0.001492537         0.001492537 
   8.91716975143596                   9 
        0.001492537         0.226865672 

  Parameters of node estado (multinomial distribution)

Conditional probability table:
 
      sol1
estado          0 0.0026992153087988 0.00742454586414376 0.0143831829362263
     0 0.00000000         0.00000000          0.00000000         0.00000000
     1 1.00000000         1.00000000          1.00000000         1.00000000
      sol1
estado 0.0287043445391624 0.111948942171864 0.120719692833906 0.293036872342007
     0         0.00000000        0.00000000        0.00000000        0.00000000
     1         1.00000000        1.00000000        1.00000000        1.00000000
      sol1
estado 0.314358181598105 0.599620017286951 0.647693117538317 0.667586901691913
     0        0.00000000        0.00000000        0.00000000        0.00000000
     1        1.00000000        1.00000000        1.00000000        1.00000000
      sol1
estado 0.668956412380065 0.707569820668542 0.730496404806057 0.767995989619859
     0        0.00000000        0.00000000        0.00000000        0.00000000
     1        1.00000000        1.00000000        1.00000000        1.00000000
      sol1
estado 0.773972195305875 0.865878679807622 0.894018157562603 0.922636598066258
     0        0.00000000        0.00000000        0.00000000        0.00000000
     1        1.00000000        1.00000000        1.00000000        1.00000000
      sol1
estado 0.934430278339931 0.985786211603956          1 1.12388469983289
     0        0.00000000        0.00000000 0.66666667       0.00000000
     1        1.00000000        1.00000000 0.33333333       1.00000000
      sol1
estado 1.53540435691347 1.62492392711828 1.68075945454391 1.73398388629049
     0       0.00000000       0.00000000       0.00000000       0.00000000
     1       1.00000000       1.00000000       1.00000000       1.00000000
      sol1
estado 1.84123795750777 1.89626735232244 1.89758366570521          2
     0       0.00000000       0.00000000       0.00000000 0.00000000
     1       1.00000000       1.00000000       1.00000000 1.00000000
      sol1
estado 2.02098443854995 2.21731198759668 2.26070625562057 2.3947120358114
     0       0.00000000       0.00000000       0.00000000      0.00000000
     1       1.00000000       1.00000000       1.00000000      1.00000000
      sol1
estado 2.41094646671019 2.44438697641944          3 3.26155667605469
     0       0.00000000       0.00000000 1.00000000       0.00000000
     1       1.00000000       1.00000000 0.00000000       1.00000000
      sol1
estado 3.82591039077385 3.89811110484403          4 4.02401795458372
     0       0.00000000       0.00000000 0.26086957       0.00000000
     1       1.00000000       1.00000000 0.73913043       1.00000000
      sol1
estado 4.08328379346762 4.11887060949028 4.1218941271033 4.14277309735661
     0       0.00000000       0.00000000      0.00000000       0.00000000
     1       1.00000000       1.00000000      1.00000000       1.00000000
      sol1
estado 4.16166358452653 4.16188826288546 4.25292528174211 4.31463426840774
     0       0.00000000       0.00000000       0.00000000       0.00000000
     1       1.00000000       1.00000000       1.00000000       1.00000000
      sol1
estado 4.33105342310364 4.33779909066304 4.46343757819748 4.54224983798517
     0       0.00000000       0.00000000       0.00000000       0.00000000
     1       1.00000000       1.00000000       1.00000000       1.00000000
      sol1
estado 4.54627580838995 4.55232680862699 4.57761786579942 4.62195976550127
     0       0.00000000       0.00000000       0.00000000       0.00000000
     1       1.00000000       1.00000000       1.00000000       1.00000000
      sol1
estado 4.69440355837616 4.69573813606054 4.7107736873166 4.73996881702472
     0       0.00000000       0.00000000      0.00000000       0.00000000
     1       1.00000000       1.00000000      1.00000000       1.00000000
      sol1
estado 4.81912955947466 4.84526374420498 4.8465511889878 4.8652427749918
     0       0.00000000       0.00000000      0.00000000      0.00000000
     1       1.00000000       1.00000000      1.00000000      1.00000000
      sol1
estado 4.87728779513394 4.88396835277395 4.89093040932098 4.89237854649016
     0       0.00000000       0.00000000       0.00000000       0.00000000
     1       1.00000000       1.00000000       1.00000000       1.00000000
      sol1
estado 4.93384153334585 4.973502579743 4.98332013157403          5
     0       0.00000000     0.00000000       0.00000000 0.37500000
     1       1.00000000     1.00000000       1.00000000 0.62500000
      sol1
estado 5.10362618012044 5.13682614319294 5.16234218339966 5.16501885747204
     0       0.00000000       0.00000000       0.00000000       0.00000000
     1       1.00000000       1.00000000       1.00000000       1.00000000
      sol1
estado 5.17277605905594 5.17331748624123 5.17595041297125 5.17816073039403
     0       0.00000000       0.00000000       0.00000000       0.00000000
     1       1.00000000       1.00000000       1.00000000       1.00000000
      sol1
estado 5.18028109919068 5.197689886225 5.22048059914268 5.23550564738575
     0       0.00000000     0.00000000       0.00000000       0.00000000
     1       1.00000000     1.00000000       1.00000000       1.00000000
      sol1
estado 5.24984125305694 5.29501725649949 5.33344606604208 5.34308121882654
     0       0.00000000       0.00000000       0.00000000       0.00000000
     1       1.00000000       1.00000000       1.00000000       1.00000000
      sol1
estado 5.34913008198934 5.36021210039355 5.37102167432121 5.45995066640251
     0       0.00000000       0.00000000       0.00000000       0.00000000
     1       1.00000000       1.00000000       1.00000000       1.00000000
      sol1
estado 5.49137745865372 5.50061031944196 5.52916302424495 5.54122116822355
     0       0.00000000       0.00000000       0.00000000       0.00000000
     1       1.00000000       1.00000000       1.00000000       1.00000000
      sol1
estado 5.54122424850534 5.5426384020891 5.55918576220673 5.58027855282495
     0       0.00000000      0.00000000       0.00000000       0.00000000
     1       1.00000000      1.00000000       1.00000000       1.00000000
      sol1
estado 5.61395450962995 5.63782149222737 5.67928645338047 5.71544278583057
     0       0.00000000       0.00000000       0.00000000       0.00000000
     1       1.00000000       1.00000000       1.00000000       1.00000000
      sol1
estado 5.71843415467385 5.73509540395072 5.74531104156584 5.75198736415295
     0       0.00000000       0.00000000       0.00000000       0.00000000
     1       1.00000000       1.00000000       1.00000000       1.00000000
      sol1
estado 5.78629919693522 5.79242266352388 5.80686523522464 5.81185118349725
     0       0.00000000       0.00000000       0.00000000       0.00000000
     1       1.00000000       1.00000000       1.00000000       1.00000000
      sol1
estado 5.84011486868441 5.87088258564532 5.88809313070916 5.88953110151875
     0       0.00000000       0.00000000       0.00000000       0.00000000
     1       1.00000000       1.00000000       1.00000000       1.00000000
      sol1
estado 5.90126823564814 5.90183174239913 5.96188168756956 5.96874509646393
     0       0.00000000       0.00000000       0.00000000       0.00000000
     1       1.00000000       1.00000000       1.00000000       1.00000000
      sol1
estado 5.97059387065346 5.97294919741163 5.97865471990284 5.99691862219871
     0       0.00000000       0.00000000       0.00000000       0.00000000
     1       1.00000000       1.00000000       1.00000000       1.00000000
      sol1
estado          6 6.02753730866132 6.02985767534372 6.05757228466549
     0 0.59615385       0.00000000       0.00000000       0.00000000
     1 0.40384615       1.00000000       1.00000000       1.00000000
      sol1
estado 6.08905698746462 6.20015776385492 6.20501852511801 6.23613148890881
     0       0.00000000       0.00000000       0.00000000       0.00000000
     1       1.00000000       1.00000000       1.00000000       1.00000000
      sol1
estado 6.24021798950446 6.24584676435262 6.27964326846096 6.29492854635369
     0       0.00000000       0.00000000       0.00000000       0.00000000
     1       1.00000000       1.00000000       1.00000000       1.00000000
      sol1
estado 6.29964156601521 6.31398291874807 6.32558449793042 6.34336371294961
     0       0.00000000       0.00000000       0.00000000       0.00000000
     1       1.00000000       1.00000000       1.00000000       1.00000000
      sol1
estado 6.45928872400264 6.50448876352705 6.53099805337143 6.54636181325793
     0       0.00000000       0.00000000       0.00000000       0.00000000
     1       1.00000000       1.00000000       1.00000000       1.00000000
      sol1
estado 6.59573485058765 6.60580693328471 6.61879580181596 6.66107569278982
     0       0.00000000       0.00000000       0.00000000       0.00000000
     1       1.00000000       1.00000000       1.00000000       1.00000000
      sol1
estado 6.67612859001608 6.7075088290941 6.7210369457562 6.72224056749818
     0       0.00000000      0.00000000      0.00000000       0.00000000
     1       1.00000000      1.00000000      1.00000000       1.00000000
      sol1
estado 6.72317459390202 6.73358229458776 6.75911260886039 6.76523647900028
     0       0.00000000       0.00000000       0.00000000       0.00000000
     1       1.00000000       1.00000000       1.00000000       1.00000000
      sol1
estado 6.79034137425896 6.80804260981876 6.86274481242784 6.89291694075748
     0       0.00000000       0.00000000       0.00000000       0.00000000
     1       1.00000000       1.00000000       1.00000000       1.00000000
      sol1
estado 6.91070092540825 6.92835046174793 6.93889634645272 6.93964936444373
     0       0.00000000       0.00000000       0.00000000       0.00000000
     1       1.00000000       1.00000000       1.00000000       1.00000000
      sol1
estado 6.9624511596801 6.97229833103757 6.9853086827342          7
     0      0.00000000       0.00000000      0.00000000 0.92452830
     1      1.00000000       1.00000000      1.00000000 0.07547170
      sol1
estado 7.07910541593117 7.18265190471954 7.23016845499348 7.25137932269804
     0       0.00000000       0.00000000       0.00000000       0.00000000
     1       1.00000000       1.00000000       1.00000000       1.00000000
      sol1
estado 7.30324258649671 7.33687739634374 7.34477103517534 7.34646263879383
     0       0.00000000       0.00000000       0.00000000       0.00000000
     1       1.00000000       1.00000000       1.00000000       1.00000000
      sol1
estado 7.3630838937394 7.37108161838944 7.37974327012873 7.38808232631893
     0      0.00000000       0.00000000       0.00000000       0.00000000
     1      1.00000000       1.00000000       1.00000000       1.00000000
      sol1
estado 7.39208402902232 7.3960816244799 7.39610564219765 7.40692237965807
     0       0.00000000      0.00000000       0.00000000       0.00000000
     1       1.00000000      1.00000000       1.00000000       1.00000000
      sol1
estado 7.4103459786112 7.42073293816263 7.62364609429597 7.62841381162177
     0      0.00000000       0.00000000       0.00000000       0.00000000
     1      1.00000000       1.00000000       1.00000000       1.00000000
      sol1
estado 7.63787995771757 7.66980355058232 7.7609379028904 7.76268527674758
     0       0.00000000       0.00000000      0.00000000       0.00000000
     1       1.00000000       1.00000000      1.00000000       1.00000000
      sol1
estado 7.79213591319079 7.79786197212059 7.81984121193299 7.83770358685589
     0       0.00000000       0.00000000       0.00000000       0.00000000
     1       1.00000000       1.00000000       1.00000000       1.00000000
      sol1
estado 7.84681980749942 7.85281347395193 7.86143115723766 7.87049953666109
     0       0.00000000       0.00000000       0.00000000       0.00000000
     1       1.00000000       1.00000000       1.00000000       1.00000000
      sol1
estado 7.8854391050671 7.93248669955858 7.96847244276404          8
     0      0.00000000       0.00000000       0.00000000 0.81132075
     1      1.00000000       1.00000000       1.00000000 0.18867925
      sol1
estado 8.15059347258838 8.21599507847914 8.34383818206557 8.79978754795584
     0       0.00000000       0.00000000       0.00000000       0.00000000
     1       1.00000000       1.00000000       1.00000000       1.00000000
      sol1
estado 8.91716975143596          9
     0       0.00000000 0.96710526
     1       1.00000000 0.03289474

