
  Bayesian network parameters

  Parameters of node lt (multinomial distribution)

Conditional probability table:
                   0 0.00820399510060366  0.0169074384873266  0.0250181515279643 
        0.486526946         0.001497006         0.001497006         0.001497006 
 0.0339396158744901   0.037185832562594  0.0626884525313458  0.0700761945076133 
        0.001497006         0.001497006         0.001497006         0.001497006 
 0.0715561312387688  0.0798198419504496  0.0945394412423752   0.126009620053204 
        0.001497006         0.001497006         0.001497006         0.001497006 
  0.140911561886046    0.15283220534022   0.156340854122305   0.160847412498162 
        0.001497006         0.001497006         0.001497006         0.001497006 
  0.162861845279392   0.168537510331665   0.169431654112858    0.17898609821776 
        0.001497006         0.001497006         0.001497006         0.001497006 
  0.183609572716252   0.187984350668877   0.195473041894334   0.197466175785808 
        0.001497006         0.001497006         0.001497006         0.001497006 
  0.203355665975952   0.209268500569164   0.219836271040101   0.225346406776948 
        0.001497006         0.001497006         0.001497006         0.001497006 
   0.24149500086999   0.245042271607122   0.247041993320772   0.253989566028008 
        0.001497006         0.001497006         0.001497006         0.001497006 
  0.256693424013201   0.270834233968619   0.290538580094882    0.30075663684258 
        0.001497006         0.001497006         0.001497006         0.001497006 
  0.306307535245808   0.344219816431873   0.366426367475568   0.379220798560952 
        0.001497006         0.001497006         0.001497006         0.001497006 
   0.38487214107042   0.386756807700481   0.389162837753598   0.389531455025276 
        0.001497006         0.001497006         0.001497006         0.001497006 
  0.394100877449922   0.398817899794108   0.399079071964485   0.401785661337013 
        0.001497006         0.001497006         0.001497006         0.001497006 
  0.422931687589281    0.43376846794123    0.43473373347318   0.440177486914796 
        0.001497006         0.001497006         0.001497006         0.001497006 
  0.440960514727049   0.453393404445573   0.457751684751228   0.457875508961173 
        0.001497006         0.001497006         0.001497006         0.001497006 
  0.460888488824852   0.463213637211682    0.47089418395332   0.474458144031789 
        0.001497006         0.001497006         0.001497006         0.001497006 
  0.480299160234897   0.484714910507958   0.486347894581402   0.501677204008336 
        0.001497006         0.001497006         0.001497006         0.001497006 
  0.502211759133083   0.511102822741317   0.533517276217265    0.59002376402164 
        0.001497006         0.001497006         0.001497006         0.001497006 
  0.594003739652614   0.594903730625427   0.609376069678326    0.62219687174449 
        0.001497006         0.001497006         0.001497006         0.001497006 
   0.63216864590794   0.648782625768889   0.655505887239372   0.672267140486339 
        0.001497006         0.001497006         0.001497006         0.001497006 
  0.686086159628796   0.688882008235823   0.689757475398515   0.710079890634979 
        0.001497006         0.001497006         0.001497006         0.001497006 
  0.727707171351115   0.739927283233072   0.740889184236189   0.762227054207178 
        0.001497006         0.001497006         0.001497006         0.001497006 
  0.769711634863317   0.770127523139424   0.788759587056737   0.794149999601326 
        0.001497006         0.001497006         0.001497006         0.001497006 
  0.805019397546281   0.808795584878247   0.819072400338589   0.819149739138336 
        0.001497006         0.001497006         0.001497006         0.001497006 
  0.844865017339592    0.87339201981472   0.880276844026315   0.886108243185068 
        0.001497006         0.001497006         0.001497006         0.001497006 
  0.895207656602565    0.90607681836667   0.909662671565632   0.913189705147257 
        0.001497006         0.001497006         0.001497006         0.001497006 
  0.915383867624502   0.946106448264729   0.949180836220033   0.957908846486072 
        0.001497006         0.001497006         0.001497006         0.001497006 
  0.965402960030296   0.970266874970577   0.974017569205284    0.98558088158406 
        0.001497006         0.001497006         0.001497006         0.001497006 
  0.995001709834427                   1    1.00814832942076    1.15286325914752 
        0.001497006         0.173652695         0.001497006         0.001497006 
   1.17512034349007    1.18263102259423    1.18569335350322    1.24192075900535 
        0.001497006         0.001497006         0.001497006         0.001497006 
   1.27010562210903    1.27095234737909    1.31239925122976    1.31406705563485 
        0.001497006         0.001497006         0.001497006         0.001497006 
   1.41894197117515    1.42079156452681    1.46331803369061    1.49449166913737 
        0.001497006         0.001497006         0.001497006         0.001497006 
   1.52617405881319    1.57770415305427    1.66412082557436    1.68963113988432 
        0.001497006         0.001497006         0.001497006         0.001497006 
   1.72329225231597    1.73235402030088    1.74054101192501    1.74689186998749 
        0.001497006         0.001497006         0.001497006         0.001497006 
   1.75714459477827    1.75816571853774     1.7762366733022    1.77919171829898 
        0.001497006         0.001497006         0.001497006         0.001497006 
   1.78632992822606    1.83710045353927    1.94991083042032    1.95872122031671 
        0.001497006         0.001497006         0.001497006         0.001497006 
                  2    2.13846932254159    2.33432174907493    2.37464618701835 
        0.083832335         0.001497006         0.001497006         0.001497006 
   2.45092023901605    2.81436018404002    2.87426622812576                   3 
        0.001497006         0.001497006         0.001497006         0.028443114 
                  4                   5                   6 
        0.007485030         0.002994012         0.001497006 

  Parameters of node tt (multinomial distribution)

Conditional probability table:
 
                     estado
tt                              0           1
  0                   0.347305389 0.293413174
  0.00331953631097448 0.000000000 0.002994012
  0.00820399510060366 0.000000000 0.002994012
  0.0162966588415288  0.000000000 0.002994012
  0.0285665787971163  0.000000000 0.002994012
  0.0516128758916811  0.000000000 0.002994012
  0.0531883885522035  0.000000000 0.002994012
  0.0542747457472582  0.000000000 0.002994012
  0.0557824568167435  0.000000000 0.002994012
  0.0715561312387688  0.000000000 0.002994012
  0.0728985583991952  0.000000000 0.002994012
  0.101096733405846   0.000000000 0.002994012
  0.106835035886968   0.000000000 0.002994012
  0.112930715164111   0.000000000 0.002994012
  0.113891756814932   0.000000000 0.002994012
  0.138353873842016   0.000000000 0.002994012
  0.141899984986117   0.000000000 0.002994012
  0.150828999538405   0.000000000 0.002994012
  0.162899546460733   0.000000000 0.002994012
  0.171562308965454   0.000000000 0.002994012
  0.193504070543538   0.000000000 0.002994012
  0.199391110190768   0.000000000 0.002994012
  0.223763326697805   0.000000000 0.002994012
  0.246832203109534   0.000000000 0.002994012
  0.251798458388142   0.000000000 0.002994012
  0.253989566028008   0.000000000 0.002994012
  0.259458988074992   0.000000000 0.002994012
  0.267718890503355   0.000000000 0.002994012
  0.276389389060792   0.000000000 0.002994012
  0.277836421489864   0.000000000 0.002994012
  0.290538580094882   0.000000000 0.002994012
  0.296819367055776   0.000000000 0.002994012
  0.309527256163433   0.000000000 0.002994012
  0.310368860115678   0.000000000 0.002994012
  0.335879174425637   0.000000000 0.002994012
  0.349277957284742   0.000000000 0.002994012
  0.349636788341081   0.000000000 0.002994012
  0.361700521723327   0.000000000 0.002994012
  0.384627773185094   0.000000000 0.002994012
  0.400726322380463   0.000000000 0.002994012
  0.422295846945727   0.000000000 0.002994012
  0.422931687589281   0.000000000 0.002994012
  0.505304049410257   0.000000000 0.002994012
  0.506378024128867   0.000000000 0.002994012
  0.513652105418598   0.000000000 0.002994012
  0.544585657297771   0.000000000 0.002994012
  0.558487720455585   0.000000000 0.002994012
  0.559822513085204   0.000000000 0.002994012
  0.565740063249285   0.000000000 0.002994012
  0.569804568700597   0.000000000 0.002994012
  0.581058028824846   0.000000000 0.002994012
  0.582337662552736   0.000000000 0.002994012
  0.586391076889858   0.000000000 0.002994012
  0.586689381353078   0.000000000 0.002994012
  0.592127950816838   0.000000000 0.002994012
  0.592857400723056   0.000000000 0.002994012
  0.594003739652614   0.000000000 0.002994012
  0.601182100205892   0.000000000 0.002994012
  0.610236347624127   0.000000000 0.002994012
  0.630695432575591   0.000000000 0.002994012
  0.659338524843501   0.000000000 0.002994012
  0.677205202854049   0.000000000 0.002994012
  0.681871367193845   0.000000000 0.002994012
  0.691813819689144   0.000000000 0.002994012
  0.708195275781278   0.000000000 0.002994012
  0.722467018318746   0.000000000 0.002994012
  0.729894377890968   0.000000000 0.002994012
  0.733294669859459   0.000000000 0.002994012
  0.73450294825803    0.000000000 0.002994012
  0.758079240994654   0.000000000 0.002994012
  0.760938309081119   0.000000000 0.002994012
  0.78123945803598    0.000000000 0.002994012
  0.781247860643349   0.000000000 0.002994012
  0.789332322775438   0.000000000 0.002994012
  0.79150194652138    0.000000000 0.002994012
  0.808495981061004   0.000000000 0.002994012
  0.811603954215257   0.000000000 0.002994012
  0.850411811980974   0.000000000 0.002994012
  0.87339201981472    0.000000000 0.002994012
  0.874987693791582   0.000000000 0.002994012
  0.875910873986792   0.000000000 0.002994012
  0.87617613995679    0.000000000 0.002994012
  0.895207656602565   0.000000000 0.002994012
  0.915383867624502   0.000000000 0.002994012
  0.919576293750919   0.000000000 0.002994012
  0.926636067381216   0.000000000 0.002994012
  0.941769819726603   0.000000000 0.002994012
  0.956406645023335   0.000000000 0.002994012
  0.964622611758133   0.000000000 0.002994012
  0.965402960030296   0.000000000 0.002994012
  0.970266874970577   0.000000000 0.002994012
  0.974017569205284   0.000000000 0.002994012
  0.981407083718703   0.000000000 0.002994012
  0.988983338274733   0.000000000 0.002994012
  0.995001709834427   0.000000000 0.002994012
  1                   0.362275449 0.041916168
  1.02883823683188    0.000000000 0.002994012
  1.0468980146777     0.000000000 0.002994012
  1.04805820992049    0.000000000 0.002994012
  1.05389355173527    0.000000000 0.002994012
  1.0814372529944     0.000000000 0.002994012
  1.0854277735947     0.000000000 0.002994012
  1.08681029485274    0.000000000 0.002994012
  1.09066169273629    0.000000000 0.002994012
  1.1175365759708     0.000000000 0.002994012
  1.12393856105506    0.000000000 0.002994012
  1.1260096200532     0.000000000 0.002994012
  1.18092759966141    0.000000000 0.002994012
  1.18784636326666    0.000000000 0.002994012
  1.20050442456172    0.000000000 0.002994012
  1.20184185607103    0.000000000 0.002994012
  1.22882649134606    0.000000000 0.002994012
  1.22987247686058    0.000000000 0.002994012
  1.23777294579282    0.000000000 0.002994012
  1.25911081576381    0.000000000 0.002994012
  1.25944189183573    0.000000000 0.002994012
  1.26007271676693    0.000000000 0.002994012
  1.26209488689882    0.000000000 0.002994012
  1.26273391829995    0.000000000 0.002994012
  1.26414782172571    0.000000000 0.002994012
  1.26628599651447    0.000000000 0.002994012
  1.26658369270726    0.000000000 0.002994012
  1.31111799176418    0.000000000 0.002994012
  1.32773285951366    0.000000000 0.002994012
  1.34449411276063    0.000000000 0.002994012
  1.34576729170669    0.000000000 0.002994012
  1.38949025622568    0.000000000 0.002994012
  1.45259396385756    0.000000000 0.002994012
  1.52910581604668    0.000000000 0.002994012
  1.53911151117515    0.000000000 0.002994012
  1.54224831524877    0.000000000 0.002994012
  1.55027081826824    0.000000000 0.002994012
  1.56623153205877    0.000000000 0.002994012
  1.61324319229952    0.000000000 0.002994012
  1.62077920143905    0.000000000 0.002994012
  1.65790119424321    0.000000000 0.002994012
  1.66885173070996    0.000000000 0.002994012
  1.66918923692397    0.000000000 0.002994012
  1.69369246475419    0.000000000 0.002994012
  1.71817687622791    0.000000000 0.002994012
  1.73283435002601    0.000000000 0.002994012
  1.74219356522133    0.000000000 0.002994012
  1.74689186998749    0.000000000 0.002994012
  1.75295800667923    0.000000000 0.002994012
  1.75857702889568    0.000000000 0.002994012
  1.7801637289599     0.000000000 0.002994012
  1.79073149943084    0.000000000 0.002994012
  1.80253382421419    0.000000000 0.002994012
  1.80368216963455    0.000000000 0.002994012
  1.81639042728375    0.000000000 0.002994012
  1.83146248966833    0.000000000 0.002994012
  1.83862136035113    0.000000000 0.002994012
  1.85278872615275    0.000000000 0.002994012
  1.85984761098477    0.000000000 0.002994012
  1.89982166084065    0.000000000 0.002994012
  1.90418385806042    0.000000000 0.002994012
  1.90546055875762    0.000000000 0.002994012
  1.905590764602      0.000000000 0.002994012
  1.92682331120497    0.000000000 0.002994012
  1.93877133082497    0.000000000 0.002994012
  1.95790884648607    0.000000000 0.002994012
  1.97151215146097    0.000000000 0.002994012
  1.97498184847204    0.000000000 0.002994012
  2                   0.203592814 0.146706587
  2.13846932254159    0.000000000 0.002994012
  2.20739895724816    0.000000000 0.002994012
  2.33432174907493    0.000000000 0.002994012
  2.39421034086474    0.000000000 0.002994012
  2.43746641707659    0.000000000 0.002994012
  2.45092023901605    0.000000000 0.002994012
  2.5493071864461     0.000000000 0.002994012
  2.62279868437727    0.000000000 0.002994012
  2.77203598659913    0.000000000 0.002994012
  2.81436018404002    0.000000000 0.002994012
  3                   0.059880240 0.005988024
  4                   0.020958084 0.000000000
  5                   0.005988024 0.000000000

  Parameters of node pt (multinomial distribution)

Conditional probability table:
                  0 0.0259824307947163   0.02883823683188 0.0308386588796906 
       0.247005988        0.001497006        0.001497006        0.001497006 
 0.048058209920491 0.0569756970780622 0.0871867099533294 0.0928199079799876 
       0.001497006        0.001497006        0.001497006        0.001497006 
 0.109918135520051   0.12382386004321  0.125733771874243   0.13541711698431 
       0.001497006        0.001497006        0.001497006        0.001497006 
 0.140152389015227  0.147211273847247  0.161378639648868  0.174638978642371 
       0.001497006        0.001497006        0.001497006        0.001497006 
 0.180850260861664  0.180927599661411   0.18784636326666  0.191204415121753 
       0.001497006        0.001497006        0.001497006        0.001497006 
 0.194980602453719  0.197466175785808  0.205850000398674  0.230288365136683 
       0.001497006        0.001497006        0.001497006        0.001497006 
 0.256361742996043  0.274539880491975  0.277532981681254  0.279243860227793 
       0.001497006        0.001497006        0.001497006        0.001497006 
 0.281823123772092  0.289516332534105  0.289920109365021  0.291804724218722 
       0.001497006        0.001497006        0.001497006        0.001497006 
 0.293344690676539  0.299176376038052  0.332839125462534  0.369304567424409 
       0.001497006        0.001497006        0.001497006        0.001497006 
 0.374648612388861  0.381113527103589  0.389490256225676  0.390623930321674 
       0.001497006        0.001497006        0.001497006        0.001497006 
 0.394379793528368  0.403515050447482  0.405096269374573  0.405996260347386 
       0.001497006        0.001497006        0.001497006        0.001497006 
  0.40997623597836  0.419348328990419   0.42328118769963  0.430765338729203 
       0.001497006        0.001497006        0.001497006        0.001497006 
 0.436787175794376  0.469435958502081  0.496912291028246  0.536786362788318 
       0.001497006        0.001497006        0.001497006        0.001497006 
 0.559039485272951   0.56526626652682  0.570374858562678  0.600920928035515 
       0.001497006        0.001497006        0.001497006        0.001497006 
 0.615372226814906   0.61953084545944  0.625353812981646  0.633291846353631 
       0.001497006        0.001497006        0.001497006        0.001497006 
 0.672267140486339  0.684834949261419    0.6925602641686   0.69948985579512 
       0.001497006        0.001497006        0.001497006        0.001497006 
 0.732281109496645  0.747110048172829  0.754957728392878  0.771173508653944 
       0.001497006        0.001497006        0.001497006        0.001497006 
 0.797635799588217  0.800608889809232  0.804526958105666  0.812015649331123 
       0.001497006        0.001497006        0.001497006        0.001497006 
 0.815744098366324  0.816390427283748  0.823769155596141   0.84716779465978 
       0.001497006        0.001497006        0.001497006        0.001497006 
 0.866417175013003  0.867436423982153  0.895207656602565  0.898903266594154 
       0.001497006        0.001497006        0.001497006        0.001497006 
  0.92018015804955  0.927101441600805  0.945725254252742  0.948387124108319 
       0.001497006        0.001497006        0.001497006        0.001497006 
 0.952091929030209  0.965402960030296  0.969385665412486  0.983092561512673 
       0.001497006        0.001497006        0.001497006        0.001497006 
                 1   1.03393961587449   1.06148997562479   1.06268845253135 
       0.324850299        0.001497006        0.001497006        0.001497006 
  1.10683503588697   1.13835387384202   1.13960913740119    1.1531537676229 
       0.001497006        0.001497006        0.001497006        0.001497006 
  1.15634085412231   1.16286184527939   1.17898609821776   1.18321318373778 
       0.001497006        0.001497006        0.001497006        0.001497006 
  1.18961039928048     1.191504018939   1.21688423397062   1.22669670222279 
       0.001497006        0.001497006        0.001497006        0.001497006 
  1.23044424441243   1.23786642825296   1.24149500086999   1.24192075900535 
       0.001497006        0.001497006        0.001497006        0.001497006 
  1.24484137677475   1.24683220310953   1.25085991312661   1.26549705174197 
       0.001497006        0.001497006        0.001497006        0.001497006 
  1.33626463874234   1.33710458672598   1.34421981643187   1.38487214107042 
       0.001497006        0.001497006        0.001497006        0.001497006 
  1.38936113523647   1.39211948416762   1.41367990524426   1.44233348648446 
       0.001497006        0.001497006        0.001497006        0.001497006 
  1.44972918173176   1.45483133578282   1.45541434270223   1.45659485257363 
       0.001497006        0.001497006        0.001497006        0.001497006 
  1.46742800697107   1.46856211936074   1.46894069896125   1.47305322413236 
       0.001497006        0.001497006        0.001497006        0.001497006 
  1.48350664479995   1.49120932276356   1.50167720400834   1.50336161102618 
       0.001497006        0.001497006        0.001497006        0.001497006 
   1.5493071864461   1.55639641230799   1.57706831241072   1.57770415305427 
       0.001497006        0.001497006        0.001497006        0.001497006 
  1.61023634762413   1.63750466837017   1.64878262576889   1.68975747539851 
       0.001497006        0.001497006        0.001497006        0.001497006 
  1.69047274383657   1.69927357668216   1.70318063294422   1.72361061093921 
       0.001497006        0.001497006        0.001497006        0.001497006 
  1.73726608170005   1.74055810816427   1.74689186998749   1.76737148539283 
       0.001497006        0.001497006        0.001497006        0.001497006 
  1.77203598659913   1.79949557543828   1.80145264476093   1.81867661452743 
       0.001497006        0.001497006        0.001497006        0.001497006 
  1.81950074167869   1.85810001501388    1.8702705059625   1.90526553640439 
       0.001497006        0.001497006        0.001497006        0.001497006 
  1.91957629375092   1.94421754318326   1.94918083622003    1.9814070837187 
       0.001497006        0.001497006        0.001497006        0.001497006 
  1.98359200979879   1.99668046368903                  2   2.17278215377972 
       0.001497006        0.001497006        0.115269461        0.001497006 
  2.88353963945321                  3                  4                  5 
       0.001497006        0.056886228        0.007485030        0.004491018 
                 6 
       0.001497006 

  Parameters of node game_score (multinomial distribution)

Conditional probability table:
                   0 0.00820399510060366  0.0142832893985582  0.0339396158744901 
        0.317365269         0.001497006         0.001497006         0.001497006 
 0.0468980146777027   0.048058209920491  0.0564653575820553  0.0626884525313458 
        0.001497006         0.001497006         0.001497006         0.001497006 
 0.0715561312387688  0.0754144997692024  0.0854277735946959  0.0857811544827272 
        0.001497006         0.001497006         0.001497006         0.001497006 
  0.117536575970799   0.125899229194071   0.126009620053204    0.13541711698431 
        0.001497006         0.001497006         0.001497006         0.001497006 
  0.156340854122305   0.162861845279392   0.169431654112858   0.174638978642371 
        0.001497006         0.001497006         0.001497006         0.001497006 
   0.17898609821776   0.180850260861664   0.193504070543538   0.203355665975952 
        0.001497006         0.001497006         0.001497006         0.001497006 
   0.24149500086999   0.246832203109534   0.252652024705128   0.253189012064434 
        0.001497006         0.001497006         0.001497006         0.001497006 
  0.253989566028008   0.264147821725714   0.279243860227793   0.290538580094882 
        0.001497006         0.001497006         0.001497006         0.001497006 
  0.291168831276368   0.293344690676539   0.343043079814398   0.344219816431873 
        0.001497006         0.001497006         0.001497006         0.001497006 
  0.345906909844572    0.38046915454056    0.38487214107042   0.389490256225676 
        0.001497006         0.001497006         0.001497006         0.001497006 
  0.390623930321674   0.394379793528368   0.398817899794108   0.422931687589281 
        0.001497006         0.001497006         0.001497006         0.001497006 
  0.437955436993396   0.440138422013157   0.480299160234897   0.501677204008336 
        0.001497006         0.001497006         0.001497006         0.001497006 
  0.540718626497199   0.569804568700597   0.592846676751611   0.592857400723056 
        0.001497006         0.001497006         0.001497006         0.001497006 
  0.594003739652614   0.600920928035515   0.610236347624127   0.631047443449411 
        0.001497006         0.001497006         0.001497006         0.001497006 
  0.633291846353631   0.648782625768889   0.657901194243213   0.668851730709963 
        0.001497006         0.001497006         0.001497006         0.001497006 
  0.672883645853344   0.681871367193845   0.689757475398515   0.699273576682161 
        0.001497006         0.001497006         0.001497006         0.001497006 
  0.726296981928781   0.742193565221333   0.758577028895679   0.789332322775438 
        0.001497006         0.001497006         0.001497006         0.001497006 
  0.801452644760925   0.844865017339592   0.866177010150441   0.866417175013003 
        0.001497006         0.001497006         0.001497006         0.001497006 
   0.87339201981472   0.895207656602565   0.901841084817275   0.915383867624502 
        0.001497006         0.001497006         0.001497006         0.001497006 
  0.926823311204975   0.949180836220033   0.952091929030209   0.952795382300998 
        0.001497006         0.001497006         0.001497006         0.001497006 
  0.957908846486072   0.964622611758133   0.965402960030296   0.969385665412486 
        0.001497006         0.001497006         0.001497006         0.001497006 
  0.970266874970577   0.974017569205284   0.995001709834427                   1 
        0.001497006         0.001497006         0.001497006         0.276946108 
   1.00814832942076    1.01441911841594     1.0185929162813    1.04726972062119 
        0.001497006         0.001497006         0.001497006         0.001497006 
   1.08042370624908    1.09392318163333    1.10025221228086    1.10991813552005 
        0.001497006         0.001497006         0.001497006         0.001497006 
   1.11279282461598    1.12972094591787    1.13136695914997    1.15286325914752 
        0.001497006         0.001497006         0.001497006         0.001497006 
    1.1531537676229    1.17278215377972    1.18321318373778    1.18961039928048 
        0.001497006         0.001497006         0.001497006         0.001497006 
   1.20739895724816    1.21688423397062    1.22669670222279    1.22893775448059 
        0.001497006         0.001497006         0.001497006         0.001497006 
   1.23044424441243    1.24192075900535    1.24235745525398    1.26675863810863 
        0.001497006         0.001497006         0.001497006         0.001497006 
   1.27010562210903    1.27095234737909    1.31406705563485    1.31608432295397 
        0.001497006         0.001497006         0.001497006         0.001497006 
   1.38111352710359    1.39211948416762    1.39421034086474    1.43746641707659 
        0.001497006         0.001497006         0.001497006         0.001497006 
   1.45483133578282    1.45659485257363    1.46331803369061    1.47305322413236 
        0.001497006         0.001497006         0.001497006         0.001497006 
   1.48350664479995    1.49449166913737     1.5692346612708    1.57770415305427 
        0.001497006         0.001497006         0.001497006         0.001497006 
   1.58756017174503    1.66716087453747     1.7103957822634    1.72546011950802 
        0.001497006         0.001497006         0.001497006         0.001497006 
   1.74689186998749     1.7630870294066    1.77203598659913    1.77465359322305 
        0.001497006         0.001497006         0.001497006         0.001497006 
    1.7762366733022    1.81950074167869    1.86164612615798     1.8702705059625 
        0.001497006         0.001497006         0.001497006         0.001497006 
   1.87857229738914    1.87908285926887    1.88353963945321    1.88959585914949 
        0.001497006         0.001497006         0.001497006         0.001497006 
   1.89316496411303    1.90526553640439    1.90718009202001    1.91855022676963 
        0.001497006         0.001497006         0.001497006         0.001497006 
   1.94991083042032    1.97936061015836                   2                   3 
        0.001497006         0.001497006         0.136227545         0.032934132 
                  4                   5 
        0.013473054         0.001497006 

  Parameters of node op1 (conditional Gaussian distribution)

Conditional density: op1 | score + score_s + estado
Coefficients:
                         0              1
(Intercept)   0.4492681262   0.3596939638
score        -0.0007693183  -0.0772398081
score_s       0.0416332353   0.2485947841
Standard deviation of the residuals:
        0          1  
0.4997453  0.4461980  
Discrete parents' configurations:
   estado
0       0
1       1

  Parameters of node op2 (conditional Gaussian distribution)

Conditional density: op2 | op1 + score + estado
Coefficients:
                       0            1
(Intercept)  0.579405497  0.161859056
op1          0.191761931  0.149111203
score        0.003863731  0.064977194
Standard deviation of the residuals:
        0          1  
0.4456206  0.4668642  
Discrete parents' configurations:
   estado
0       0
1       1

  Parameters of node op3 (conditional Gaussian distribution)

Conditional density: op3 | op1 + op2 + op6 + estado
Coefficients:
                       0            1
(Intercept)   0.23437581   0.41319713
op1           0.05964251  -0.15042969
op2           0.08296071  -0.18029345
op6           0.12112989   0.19716317
Standard deviation of the residuals:
        0          1  
0.4811963  0.4397514  
Discrete parents' configurations:
   estado
0       0
1       1

  Parameters of node op5 (conditional Gaussian distribution)

Conditional density: op5 | op1 + op2 + op3 + op6 + score_a + score_p + score_d + estado
Coefficients:
                       0            1
(Intercept)   0.03065923   0.18890727
op1           0.04740587  -0.13338872
op2           0.09240980   0.12754764
op3           0.34849546   0.11715694
op6           0.08842769   0.21296291
score_a      -0.02059838  -0.10535410
score_p       0.04318208   0.04777185
score_d       0.03805715   0.06098369
Standard deviation of the residuals:
        0          1  
0.4560917  0.2988787  
Discrete parents' configurations:
   estado
0       0
1       1

  Parameters of node op6 (conditional Gaussian distribution)

Conditional density: op6 | op1 + op2 + score_a + score_d + score_s + estado
Coefficients:
                        0             1
(Intercept)   0.308964302   0.392236961
op1           0.078425079  -0.176542492
op2           0.161803848   0.377205082
score_a      -0.011477576  -0.095463927
score_d      -0.006413016   0.128815266
score_s       0.035378897  -0.088879306
Standard deviation of the residuals:
        0          1  
0.4950453  0.3877568  
Discrete parents' configurations:
   estado
0       0
1       1

  Parameters of node sv1 (Gaussian distribution)

Conditional density: sv1 | op1 + op2
Coefficients:
(Intercept)          op1          op2  
 0.96317326   0.01674573   0.02612308  
Standard deviation of the residuals: 0.1078255 

  Parameters of node sv2 (conditional Gaussian distribution)

Conditional density: sv2 | op2 + op3 + op6 + sv1 + score_p + score_d + score_s + estado
Coefficients:
                        0             1
(Intercept)   0.417672032   0.603978033
op2           0.140728456   0.460797469
op3           0.056978506   0.177180000
op6           0.007664675   0.075776182
sv1           0.357428329   0.000000000
score_p       0.002612320  -0.124808522
score_d       0.019971162   0.035477010
score_s       0.002161804   0.080033357
Standard deviation of the residuals:
        0          1  
0.1962172  0.2632318  
Discrete parents' configurations:
   estado
0       0
1       1

  Parameters of node sv3 (conditional Gaussian distribution)

Conditional density: sv3 | op2 + op5 + op6 + sv2 + score_p + programa + estado
Coefficients:
                        0             1
(Intercept)   0.096564784  -0.495111122
op2           0.005256584  -0.430988422
op5           0.331583822   0.276991291
op6           0.074484247   0.108416815
sv2           0.282225344   0.494027742
score_p      -0.029999465   0.053413808
programa     -0.016376502   0.129568261
Standard deviation of the residuals:
        0          1  
0.4499329  0.4063401  
Discrete parents' configurations:
   estado
0       0
1       1

  Parameters of node score (conditional Gaussian distribution)

Conditional density: score | estado
Coefficients:
                    0         1
(Intercept)  7.092814  6.395210
Standard deviation of the residuals:
       0         1  
2.203003  1.750017  
Discrete parents' configurations:
   estado
0       0
1       1

  Parameters of node score_a (conditional Gaussian distribution)

Conditional density: score_a | score + estado
Coefficients:
                      0           1
(Intercept)  -0.1238048   0.1026352
score         0.6426133   0.5855430
Standard deviation of the residuals:
        0          1  
0.7617950  0.6483348  
Discrete parents' configurations:
   estado
0       0
1       1

  Parameters of node score_p (conditional Gaussian distribution)

Conditional density: score_p | op6 + score + score_a + score_d + score_s + estado
Coefficients:
                       0            1
(Intercept)  -0.17861122  -0.45733469
op6           0.07351585   0.27170924
score         1.05952337   0.93732743
score_a      -0.54142946  -0.44391269
score_d      -0.46499082  -0.47028382
score_s      -0.33905548  -0.15059575
Standard deviation of the residuals:
        0          1  
0.4467047  0.5003319  
Discrete parents' configurations:
   estado
0       0
1       1

  Parameters of node score_d (conditional Gaussian distribution)

Conditional density: score_d | score + score_a + estado
Coefficients:
                       0            1
(Intercept)  -0.05598993  -0.43708179
score         0.16254255   0.35966923
score_a       0.25026154  -0.01966393
Standard deviation of the residuals:
        0          1  
0.7117694  0.5392097  
Discrete parents' configurations:
   estado
0       0
1       1

  Parameters of node score_s (conditional Gaussian distribution)

Conditional density: score_s | score + score_a + score_d + estado
Coefficients:
                       0            1
(Intercept)   0.59221546   0.35106954
score         0.13862539  -0.02889166
score_a      -0.04164948   0.22167348
score_d       0.37242790   0.50687592
Standard deviation of the residuals:
        0          1  
0.6394406  0.6072376  
Discrete parents' configurations:
   estado
0       0
1       1

  Parameters of node programa (conditional Gaussian distribution)

Conditional density: programa | op2 + op3 + sv2 + score + score_a + estado
Coefficients:
                      0           1
(Intercept)   4.6819868   4.0881139
op2           0.2057537   0.2150110
op3          -0.1071646   0.4923289
sv2          -0.1311162  -0.6213587
score        -0.1794369  -0.1590713
score_a       0.1545035   0.1338066
Standard deviation of the residuals:
        0          1  
0.9326907  0.8058716  
Discrete parents' configurations:
   estado
0       0
1       1

  Parameters of node sol1 (multinomial distribution)

Conditional probability table:
                 0 0.090661692736287 0.266285996514467  0.30051014420488 
      0.095808383       0.001497006       0.001497006       0.001497006 
0.503087708971754 0.562533582923415 0.605789659135256 0.618886472896411 
      0.001497006       0.001497006       0.001497006       0.001497006 
0.625351387611139 0.669114949247793 0.698555914569484 0.710483667465895 
      0.001497006       0.001497006       0.001497006       0.001497006 
0.792601042751837 0.890081864479949 0.971512151460969                 1 
      0.001497006       0.001497006       0.001497006       0.004491018 
 1.24447196705671  1.55905460950349  2.03576661624195  2.16899326099509 
      0.001497006       0.001497006       0.001497006       0.001497006 
 2.53316738541452  2.79930788993421  2.85859253637832                 3 
      0.001497006       0.001497006       0.001497006       0.002994012 
 3.01183202671691  3.01267118756186  3.16292599772335  3.28478460092801 
      0.001497006       0.001497006       0.001497006       0.001497006 
 3.87754266164995                 4    4.047204617699  4.07155613123877 
      0.001497006       0.025449102       0.001497006       0.001497006 
 4.11646101467129  4.12382386004321  4.15519762487289  4.18085026086166 
      0.001497006       0.001497006       0.001497006       0.001497006 
 4.18360957271625  4.19350407054354  4.25398956602801  4.27753298168125 
      0.001497006       0.001497006       0.001497006       0.001497006 
 4.29053858009488  4.32711635414666  4.39062393032167  4.43425993675072 
      0.001497006       0.001497006       0.001497006       0.001497006 
  4.4677665312964   4.4802991602349   4.4863478945814  4.48889717725868 
      0.001497006       0.001497006       0.001497006       0.001497006 
 4.48971037416831  4.56321282420562  4.56462474269982  4.58065167100958 
      0.001497006       0.001497006       0.001497006       0.001497006 
 4.59285740072306  4.62989303726879  4.65308741528654  4.65464158772719 
      0.001497006       0.001497006       0.001497006       0.001497006 
 4.67420917345195  4.72216357851014  4.73228110949665   4.7433065759868 
      0.001497006       0.001497006       0.001497006       0.001497006 
 4.77041038270807  4.78933232277544  4.80060888980923  4.81907240033859 
      0.001497006       0.001497006       0.001497006       0.001497006 
 4.82735981048852  4.87339201981472  4.88406183314679  4.88610824318507 
      0.001497006       0.001497006       0.001497006       0.001497006 
 4.89890326659415   4.9271014416008  4.94572525425274  4.96462261175813 
      0.001497006       0.001497006       0.001497006       0.001497006 
 4.97026687497058  4.98241864552713                 5  5.01441911841594 
      0.001497006       0.001497006       0.077844311       0.001497006 
 5.01629665884153  5.05081916377997   5.0582301802734  5.08578115448273 
      0.001497006       0.001497006       0.001497006       0.001497006 
 5.09392318163333  5.12627346054179  5.15634085412231    5.191504018939 
      0.001497006       0.001497006       0.001497006       0.001497006 
 5.20585000039867  5.27370301807122   5.2827965752581  5.28992010936502 
      0.001497006       0.001497006       0.001497006       0.001497006 
 5.31024252460149  5.33626463874234  5.40351505044748  5.40509626937457 
      0.001497006       0.001497006       0.001497006       0.001497006 
 5.40997623597836   5.4592813735028  5.50167720400834  5.50336161102618 
      0.001497006       0.001497006       0.001497006       0.001497006 
 5.50991545678576  5.53678636278832  5.54447114162918  5.55903948527295 
      0.001497006       0.001497006       0.001497006       0.001497006 
 5.57706831241072  5.61512785892958  5.62403129866225  5.63216864590794 
      0.001497006       0.001497006       0.001497006       0.001497006 
 5.64878262576889  5.65036321165892  5.65578018356813  5.67167838548959 
      0.001497006       0.001497006       0.001497006       0.001497006 
 5.68483494926142  5.72361061093921  5.74681098793557  5.75850499913001 
      0.001497006       0.001497006       0.001497006       0.001497006 
 5.77203598659913  5.77465359322305  5.80452695810567  5.82376915559614 
      0.001497006       0.001497006       0.001497006       0.001497006 
 5.83713815472061  5.85159031647211  5.85810001501388  5.87410077080593 
      0.001497006       0.001497006       0.001497006       0.001497006 
  5.9245855002308  5.92663606738122  5.94356397342842  5.96567660608553 
      0.001497006       0.001497006       0.001497006       0.001497006 
 5.96606038412551  5.98309256151267  5.98319857854098  5.98450423716192 
      0.001497006       0.001497006       0.001497006       0.001497006 
 5.98898333827473   5.9917960048994  5.99763024706402                 6 
      0.001497006       0.001497006       0.001497006       0.076347305 
 6.06112808299584  6.10322575178336  6.17512034349007  6.18321318373778 
      0.001497006       0.001497006       0.001497006       0.001497006 
 6.20335566597595  6.22669670222279  6.24235745525398  6.45483133578282 
      0.001497006       0.001497006       0.001497006       0.001497006 
 6.48727651400791  6.49336472260075  6.49378373997498  6.54458565729777 
      0.001497006       0.001497006       0.001497006       0.001497006 
 6.57662556790463   6.7103957822634   6.7630870294066  6.76925554637019 
      0.001497006       0.001497006       0.001497006       0.001497006 
 6.79464301598896   6.8249919070511  6.83140563492417  6.84486501733959 
      0.001497006       0.001497006       0.001497006       0.001497006 
  6.8735064938291  6.87908285926887  6.88959585914949  6.89982166084065 
      0.001497006       0.001497006       0.001497006       0.001497006 
 6.90642852106864  6.97110058345228  6.97936061015835                 7 
      0.001497006       0.001497006       0.001497006       0.077844311 
  7.0531883885522  7.15286325914752  7.18425590163368  7.20236420041178 
      0.001497006       0.001497006       0.001497006       0.001497006 
 7.24285540522173  7.26139086515118  7.31386631098019  7.40760147264257 
      0.001497006       0.001497006       0.001497006       0.001497006 
 7.41639055156256  7.56250615310421  7.62197113984039   7.6593385248435 
      0.001497006       0.001497006       0.001497006       0.001497006 
 7.67720520285405  7.70082362396195  7.71817687622791  7.73329466985946 
      0.001497006       0.001497006       0.001497006       0.001497006 
 7.78123945803598  7.79150194652138  7.81160395421526  7.85984761098477 
      0.001497006       0.001497006       0.001497006       0.001497006 
 7.91281329004667                 8  8.46648272378274  8.54212449103883 
      0.001497006       0.152694611       0.001497006       0.001497006 
                9 
      0.223053892 

  Parameters of node estado (multinomial distribution)

Conditional probability table:
 
      sol1
estado           0 0.090661692736287 0.266285996514467 0.30051014420488
     0 0.000000000       0.000000000       0.000000000      0.000000000
     1 1.000000000       1.000000000       1.000000000      1.000000000
      sol1
estado 0.503087708971754 0.562533582923415 0.605789659135256 0.618886472896411
     0       0.000000000       0.000000000       0.000000000       0.000000000
     1       1.000000000       1.000000000       1.000000000       1.000000000
      sol1
estado 0.625351387611139 0.669114949247793 0.698555914569484 0.710483667465895
     0       0.000000000       0.000000000       0.000000000       0.000000000
     1       1.000000000       1.000000000       1.000000000       1.000000000
      sol1
estado 0.792601042751837 0.890081864479949 0.971512151460969           1
     0       0.000000000       0.000000000       0.000000000 0.666666667
     1       1.000000000       1.000000000       1.000000000 0.333333333
      sol1
estado 1.24447196705671 1.55905460950349 2.03576661624195 2.16899326099509
     0      0.000000000      0.000000000      0.000000000      0.000000000
     1      1.000000000      1.000000000      1.000000000      1.000000000
      sol1
estado 2.53316738541452 2.79930788993421 2.85859253637832           3
     0      0.000000000      0.000000000      0.000000000 1.000000000
     1      1.000000000      1.000000000      1.000000000 0.000000000
      sol1
estado 3.01183202671691 3.01267118756186 3.16292599772335 3.28478460092801
     0      0.000000000      0.000000000      0.000000000      0.000000000
     1      1.000000000      1.000000000      1.000000000      1.000000000
      sol1
estado 3.87754266164995           4 4.047204617699 4.07155613123877
     0      0.000000000 0.470588235    0.000000000      0.000000000
     1      1.000000000 0.529411765    1.000000000      1.000000000
      sol1
estado 4.11646101467129 4.12382386004321 4.15519762487289 4.18085026086166
     0      0.000000000      0.000000000      0.000000000      0.000000000
     1      1.000000000      1.000000000      1.000000000      1.000000000
      sol1
estado 4.18360957271625 4.19350407054354 4.25398956602801 4.27753298168125
     0      0.000000000      0.000000000      0.000000000      0.000000000
     1      1.000000000      1.000000000      1.000000000      1.000000000
      sol1
estado 4.29053858009488 4.32711635414666 4.39062393032167 4.43425993675072
     0      0.000000000      0.000000000      0.000000000      0.000000000
     1      1.000000000      1.000000000      1.000000000      1.000000000
      sol1
estado 4.4677665312964 4.4802991602349 4.4863478945814 4.48889717725868
     0     0.000000000     0.000000000     0.000000000      0.000000000
     1     1.000000000     1.000000000     1.000000000      1.000000000
      sol1
estado 4.48971037416831 4.56321282420562 4.56462474269982 4.58065167100958
     0      0.000000000      0.000000000      0.000000000      0.000000000
     1      1.000000000      1.000000000      1.000000000      1.000000000
      sol1
estado 4.59285740072306 4.62989303726879 4.65308741528654 4.65464158772719
     0      0.000000000      0.000000000      0.000000000      0.000000000
     1      1.000000000      1.000000000      1.000000000      1.000000000
      sol1
estado 4.67420917345195 4.72216357851014 4.73228110949665 4.7433065759868
     0      0.000000000      0.000000000      0.000000000     0.000000000
     1      1.000000000      1.000000000      1.000000000     1.000000000
      sol1
estado 4.77041038270807 4.78933232277544 4.80060888980923 4.81907240033859
     0      0.000000000      0.000000000      0.000000000      0.000000000
     1      1.000000000      1.000000000      1.000000000      1.000000000
      sol1
estado 4.82735981048852 4.87339201981472 4.88406183314679 4.88610824318507
     0      0.000000000      0.000000000      0.000000000      0.000000000
     1      1.000000000      1.000000000      1.000000000      1.000000000
      sol1
estado 4.89890326659415 4.9271014416008 4.94572525425274 4.96462261175813
     0      0.000000000     0.000000000      0.000000000      0.000000000
     1      1.000000000     1.000000000      1.000000000      1.000000000
      sol1
estado 4.97026687497058 4.98241864552713           5 5.01441911841594
     0      0.000000000      0.000000000 0.307692308      0.000000000
     1      1.000000000      1.000000000 0.692307692      1.000000000
      sol1
estado 5.01629665884153 5.05081916377997 5.0582301802734 5.08578115448273
     0      0.000000000      0.000000000     0.000000000      0.000000000
     1      1.000000000      1.000000000     1.000000000      1.000000000
      sol1
estado 5.09392318163333 5.12627346054179 5.15634085412231 5.191504018939
     0      0.000000000      0.000000000      0.000000000    0.000000000
     1      1.000000000      1.000000000      1.000000000    1.000000000
      sol1
estado 5.20585000039867 5.27370301807122 5.2827965752581 5.28992010936502
     0      0.000000000      0.000000000     0.000000000      0.000000000
     1      1.000000000      1.000000000     1.000000000      1.000000000
      sol1
estado 5.31024252460149 5.33626463874234 5.40351505044748 5.40509626937457
     0      0.000000000      0.000000000      0.000000000      0.000000000
     1      1.000000000      1.000000000      1.000000000      1.000000000
      sol1
estado 5.40997623597836 5.4592813735028 5.50167720400834 5.50336161102618
     0      0.000000000     0.000000000      0.000000000      0.000000000
     1      1.000000000     1.000000000      1.000000000      1.000000000
      sol1
estado 5.50991545678576 5.53678636278832 5.54447114162918 5.55903948527295
     0      0.000000000      0.000000000      0.000000000      0.000000000
     1      1.000000000      1.000000000      1.000000000      1.000000000
      sol1
estado 5.57706831241072 5.61512785892958 5.62403129866225 5.63216864590794
     0      0.000000000      0.000000000      0.000000000      0.000000000
     1      1.000000000      1.000000000      1.000000000      1.000000000
      sol1
estado 5.64878262576889 5.65036321165892 5.65578018356813 5.67167838548959
     0      0.000000000      0.000000000      0.000000000      0.000000000
     1      1.000000000      1.000000000      1.000000000      1.000000000
      sol1
estado 5.68483494926142 5.72361061093921 5.74681098793557 5.75850499913001
     0      0.000000000      0.000000000      0.000000000      0.000000000
     1      1.000000000      1.000000000      1.000000000      1.000000000
      sol1
estado 5.77203598659913 5.77465359322305 5.80452695810567 5.82376915559614
     0      0.000000000      0.000000000      0.000000000      0.000000000
     1      1.000000000      1.000000000      1.000000000      1.000000000
      sol1
estado 5.83713815472061 5.85159031647211 5.85810001501388 5.87410077080593
     0      0.000000000      0.000000000      0.000000000      0.000000000
     1      1.000000000      1.000000000      1.000000000      1.000000000
      sol1
estado 5.9245855002308 5.92663606738122 5.94356397342842 5.96567660608553
     0     0.000000000      0.000000000      0.000000000      0.000000000
     1     1.000000000      1.000000000      1.000000000      1.000000000
      sol1
estado 5.96606038412551 5.98309256151267 5.98319857854098 5.98450423716192
     0      0.000000000      0.000000000      0.000000000      0.000000000
     1      1.000000000      1.000000000      1.000000000      1.000000000
      sol1
estado 5.98898333827473 5.9917960048994 5.99763024706402           6
     0      0.000000000     0.000000000      0.000000000 0.588235294
     1      1.000000000     1.000000000      1.000000000 0.411764706
      sol1
estado 6.06112808299584 6.10322575178336 6.17512034349007 6.18321318373778
     0      0.000000000      0.000000000      0.000000000      0.000000000
     1      1.000000000      1.000000000      1.000000000      1.000000000
      sol1
estado 6.20335566597595 6.22669670222279 6.24235745525398 6.45483133578282
     0      0.000000000      0.000000000      0.000000000      0.000000000
     1      1.000000000      1.000000000      1.000000000      1.000000000
      sol1
estado 6.48727651400791 6.49336472260075 6.49378373997498 6.54458565729777
     0      0.000000000      0.000000000      0.000000000      0.000000000
     1      1.000000000      1.000000000      1.000000000      1.000000000
      sol1
estado 6.57662556790463 6.7103957822634 6.7630870294066 6.76925554637019
     0      0.000000000     0.000000000     0.000000000      0.000000000
     1      1.000000000     1.000000000     1.000000000      1.000000000
      sol1
estado 6.79464301598896 6.8249919070511 6.83140563492417 6.84486501733959
     0      0.000000000     0.000000000      0.000000000      0.000000000
     1      1.000000000     1.000000000      1.000000000      1.000000000
      sol1
estado 6.8735064938291 6.87908285926887 6.88959585914949 6.89982166084065
     0     0.000000000      0.000000000      0.000000000      0.000000000
     1     1.000000000      1.000000000      1.000000000      1.000000000
      sol1
estado 6.90642852106864 6.97110058345228 6.97936061015835           7
     0      0.000000000      0.000000000      0.000000000 0.846153846
     1      1.000000000      1.000000000      1.000000000 0.153846154
      sol1
estado 7.0531883885522 7.15286325914752 7.18425590163368 7.20236420041178
     0     0.000000000      0.000000000      0.000000000      0.000000000
     1     1.000000000      1.000000000      1.000000000      1.000000000
      sol1
estado 7.24285540522173 7.26139086515118 7.31386631098019 7.40760147264257
     0      0.000000000      0.000000000      0.000000000      0.000000000
     1      1.000000000      1.000000000      1.000000000      1.000000000
      sol1
estado 7.41639055156256 7.56250615310421 7.62197113984039 7.6593385248435
     0      0.000000000      0.000000000      0.000000000     0.000000000
     1      1.000000000      1.000000000      1.000000000     1.000000000
      sol1
estado 7.67720520285405 7.70082362396195 7.71817687622791 7.73329466985946
     0      0.000000000      0.000000000      0.000000000      0.000000000
     1      1.000000000      1.000000000      1.000000000      1.000000000
      sol1
estado 7.78123945803598 7.79150194652138 7.81160395421526 7.85984761098477
     0      0.000000000      0.000000000      0.000000000      0.000000000
     1      1.000000000      1.000000000      1.000000000      1.000000000
      sol1
estado 7.91281329004667           8 8.46648272378274 8.54212449103883
     0      0.000000000 0.823529412      0.000000000      0.000000000
     1      1.000000000 0.176470588      1.000000000      1.000000000
      sol1
estado           9
     0 0.993288591
     1 0.006711409

