
  Bayesian network parameters

  Parameters of node lt (multinomial distribution)

Conditional probability table:
                  0 0.0176902076305687 0.0458355826497538 0.0720750046479635 
       0.508955224        0.001492537        0.001492537        0.001492537 
0.0797591198155387   0.08746440200445 0.0982628311746481   0.10541221900609 
       0.001492537        0.001492537        0.001492537        0.001492537 
 0.119858235061118  0.146597293410841  0.164984895840097   0.18757178072985 
       0.001492537        0.001492537        0.001492537        0.001492537 
 0.254870353721094  0.268189824335481  0.279556103893161  0.296702625282634 
       0.001492537        0.001492537        0.001492537        0.001492537 
 0.297943421589501  0.329741372135228  0.348487655368295  0.361982931050134 
       0.001492537        0.001492537        0.001492537        0.001492537 
 0.363559951791296  0.380267303486441  0.388258772243076  0.388548182241889 
       0.001492537        0.001492537        0.001492537        0.001492537 
 0.392006331091557  0.395150141005331  0.436110944754084  0.463618039601588 
       0.001492537        0.001492537        0.001492537        0.001492537 
  0.47219173258626  0.472724393232756  0.479112469708438  0.487902479905161 
       0.001492537        0.001492537        0.001492537        0.001492537 
 0.508715161123729  0.526442285295363  0.545555069550154  0.551606559112157 
       0.001492537        0.001492537        0.001492537        0.001492537 
 0.553652370424696   0.56723747623606  0.576781473735885  0.576921227187169 
       0.001492537        0.001492537        0.001492537        0.001492537 
 0.581740454043157  0.613827378224225   0.63524732418489  0.658684000883756 
       0.001492537        0.001492537        0.001492537        0.001492537 
 0.661558311627624  0.669584503648897  0.675879414673122  0.682746908315009 
       0.001492537        0.001492537        0.001492537        0.001492537 
 0.707844296397641  0.718249138493256  0.747931612204189  0.757917989687718 
       0.001492537        0.001492537        0.001492537        0.001492537 
 0.761939387482043  0.771625888819197  0.777554864664447  0.786861875879719 
       0.001492537        0.001492537        0.001492537        0.001492537 
 0.790858820312427   0.80428030874944  0.821848166822458  0.826476691577903 
       0.001492537        0.001492537        0.001492537        0.001492537 
 0.849027000174286  0.870332822632915  0.871636551669719  0.904651990090265 
       0.001492537        0.001492537        0.001492537        0.001492537 
 0.917850315396222  0.937143086396978  0.950155874968134  0.971347436511008 
       0.001492537        0.001492537        0.001492537        0.001492537 
 0.973323010198967                  1   1.03912097669052   1.05145691492869 
       0.001492537        0.167164179        0.001492537        0.001492537 
  1.07334646748046   1.07406010401274     1.078266161084   1.09066595327817 
       0.001492537        0.001492537        0.001492537        0.001492537 
  1.12194901907244   1.14081237014876   1.14672338368406   1.15326489704693 
       0.001492537        0.001492537        0.001492537        0.001492537 
   1.1680034664005   1.17963824908405   1.20370052185069   1.23758458862945 
       0.001492537        0.001492537        0.001492537        0.001492537 
  1.25128063290003   1.27328085130674   1.29753798458284   1.33188341390499 
       0.001492537        0.001492537        0.001492537        0.001492537 
  1.34855077556428   1.36291274232408   1.36547168563549   1.38442397280445 
       0.001492537        0.001492537        0.001492537        0.001492537 
   1.4193773183432   1.44222256584362   1.46216889081961   1.46969428095289 
       0.001492537        0.001492537        0.001492537        0.001492537 
  1.59286324064994   1.59989079235567   1.63456653159672   1.66770780231719 
       0.001492537        0.001492537        0.001492537        0.001492537 
  1.66924575545475   1.71101844203914   1.76967215092495   1.78453921690086 
       0.001492537        0.001492537        0.001492537        0.001492537 
  1.88473831083396   1.90527108236549   1.93034961252968   1.96221287971497 
       0.001492537        0.001492537        0.001492537        0.001492537 
  1.97274188302294   1.98331922557228   1.99513298570345                  2 
       0.001492537        0.001492537        0.001492537        0.094029851 
  2.04264811775517   2.20013611206794   2.24355456962511   2.28464716057385 
       0.001492537        0.001492537        0.001492537        0.001492537 
   2.3064591306765   2.34177616994287   2.35723355329934   2.60897107431352 
       0.001492537        0.001492537        0.001492537        0.001492537 
  2.64104053879474   2.67213007402008   2.74830349762469   2.80609983878346 
       0.001492537        0.001492537        0.001492537        0.001492537 
  2.81765194556003   2.85287934939324   2.85770873374974   2.89816401421089 
       0.001492537        0.001492537        0.001492537        0.001492537 
  2.90631578419311   2.92181884542104   2.92651241772645                  3 
       0.001492537        0.001492537        0.001492537        0.032835821 
                 4                  5                  6 
       0.002985075        0.001492537        0.001492537 

  Parameters of node tt (multinomial distribution)

Conditional probability table:
 
                     estado
tt                              0           1
  0                   0.346268657 0.268656716
  0.00532859402026553 0.000000000 0.002985075
  0.0377871202850328  0.000000000 0.002985075
  0.0446098116627464  0.000000000 0.002985075
  0.0541582297159492  0.000000000 0.002985075
  0.0670898801838541  0.000000000 0.002985075
  0.0758373207072719  0.000000000 0.002985075
  0.0782419533810417  0.000000000 0.002985075
  0.08746440200445    0.000000000 0.002985075
  0.0933512870454927  0.000000000 0.002985075
  0.0965523026415616  0.000000000 0.002985075
  0.115261689166045   0.000000000 0.002985075
  0.12547232528636    0.000000000 0.002985075
  0.130916859300672   0.000000000 0.002985075
  0.146341430231955   0.000000000 0.002985075
  0.156362309157918   0.000000000 0.002985075
  0.164984895840097   0.000000000 0.002985075
  0.181331906556348   0.000000000 0.002985075
  0.187368431613776   0.000000000 0.002985075
  0.202442654600598   0.000000000 0.002985075
  0.215566216019126   0.000000000 0.002985075
  0.240319085728195   0.000000000 0.002985075
  0.254870353721094   0.000000000 0.002985075
  0.255691777102216   0.000000000 0.002985075
  0.259459567287096   0.000000000 0.002985075
  0.267477445648936   0.000000000 0.002985075
  0.270542066570185   0.000000000 0.002985075
  0.272656514304294   0.000000000 0.002985075
  0.279338858337404   0.000000000 0.002985075
  0.284582532500512   0.000000000 0.002985075
  0.294088194200351   0.000000000 0.002985075
  0.30062375461963    0.000000000 0.002985075
  0.302974203723581   0.000000000 0.002985075
  0.331012971121665   0.000000000 0.002985075
  0.334183884262081   0.000000000 0.002985075
  0.336006932801001   0.000000000 0.002985075
  0.337939707336561   0.000000000 0.002985075
  0.345411680300462   0.000000000 0.002985075
  0.348326673490833   0.000000000 0.002985075
  0.35672472018043    0.000000000 0.002985075
  0.360304144692038   0.000000000 0.002985075
  0.380267303486441   0.000000000 0.002985075
  0.395150141005331   0.000000000 0.002985075
  0.399010301310223   0.000000000 0.002985075
  0.399931943966028   0.000000000 0.002985075
  0.40010920764433    0.000000000 0.002985075
  0.401455075181562   0.000000000 0.002985075
  0.429593814925622   0.000000000 0.002985075
  0.43276252376394    0.000000000 0.002985075
  0.439053212990849   0.000000000 0.002985075
  0.475169177258909   0.000000000 0.002985075
  0.488713873018781   0.000000000 0.002985075
  0.497555681779578   0.000000000 0.002985075
  0.502561265800064   0.000000000 0.002985075
  0.512688531437552   0.000000000 0.002985075
  0.519777661827303   0.000000000 0.002985075
  0.523344433544728   0.000000000 0.002985075
  0.528853557396233   0.000000000 0.002985075
  0.530305719047113   0.000000000 0.002985075
  0.540950006772888   0.000000000 0.002985075
  0.551606559112157   0.000000000 0.002985075
  0.553652370424696   0.000000000 0.002985075
  0.55975316434847    0.000000000 0.002985075
  0.563824226892747   0.000000000 0.002985075
  0.572869271691857   0.000000000 0.002985075
  0.576781473735885   0.000000000 0.002985075
  0.596182698581404   0.000000000 0.002985075
  0.59785984562528    0.000000000 0.002985075
  0.617543046932802   0.000000000 0.002985075
  0.637087257675919   0.000000000 0.002985075
  0.653331969859213   0.000000000 0.002985075
  0.658684000883756   0.000000000 0.002985075
  0.661558311627624   0.000000000 0.002985075
  0.668116586095012   0.000000000 0.002985075
  0.676123266501051   0.000000000 0.002985075
  0.682746908315009   0.000000000 0.002985075
  0.702738572540439   0.000000000 0.002985075
  0.718249138493256   0.000000000 0.002985075
  0.718255800143296   0.000000000 0.002985075
  0.719120566960403   0.000000000 0.002985075
  0.752372796162638   0.000000000 0.002985075
  0.764082461174171   0.000000000 0.002985075
  0.801748298117622   0.000000000 0.002985075
  0.813326985180319   0.000000000 0.002985075
  0.814011867927087   0.000000000 0.002985075
  0.820361750915951   0.000000000 0.002985075
  0.826175304022773   0.000000000 0.002985075
  0.851028289205249   0.000000000 0.002985075
  0.885968831017021   0.000000000 0.002985075
  0.894050448418811   0.000000000 0.002985075
  0.92308878888793    0.000000000 0.002985075
  0.924337781639226   0.000000000 0.002985075
  0.942818625358946   0.000000000 0.002985075
  0.972547312926604   0.000000000 0.002985075
  1                   0.376119403 0.050746269
  1.02029129737117    0.000000000 0.002985075
  1.0227584466676     0.000000000 0.002985075
  1.02708120652289    0.000000000 0.002985075
  1.02865256348899    0.000000000 0.002985075
  1.03999463145449    0.000000000 0.002985075
  1.04859336646719    0.000000000 0.002985075
  1.09826283117465    0.000000000 0.002985075
  1.11865885349779    0.000000000 0.002985075
  1.12194901907244    0.000000000 0.002985075
  1.15555057927835    0.000000000 0.002985075
  1.18371556593722    0.000000000 0.002985075
  1.18572648129989    0.000000000 0.002985075
  1.23806061251796    0.000000000 0.002985075
  1.24095912092294    0.000000000 0.002985075
  1.25672689666056    0.000000000 0.002985075
  1.26913306319345    0.000000000 0.002985075
  1.27155435112557    0.000000000 0.002985075
  1.28479775876369    0.000000000 0.002985075
  1.28553289340132    0.000000000 0.002985075
  1.2931147063373     0.000000000 0.002985075
  1.29363382516932    0.000000000 0.002985075
  1.29670262528263    0.000000000 0.002985075
  1.33462287772738    0.000000000 0.002985075
  1.34426014804016    0.000000000 0.002985075
  1.36475267581511    0.000000000 0.002985075
  1.37380906195144    0.000000000 0.002985075
  1.37568664827496    0.000000000 0.002985075
  1.41825198236767    0.000000000 0.002985075
  1.4193773183432     0.000000000 0.002985075
  1.4307056788523     0.000000000 0.002985075
  1.43150214641836    0.000000000 0.002985075
  1.44838360617539    0.000000000 0.002985075
  1.48625061959034    0.000000000 0.002985075
  1.49128483887627    0.000000000 0.002985075
  1.52088753029156    0.000000000 0.002985075
  1.52644228529536    0.000000000 0.002985075
  1.52727560676724    0.000000000 0.002985075
  1.54971260427995    0.000000000 0.002985075
  1.55880664295716    0.000000000 0.002985075
  1.56696025317709    0.000000000 0.002985075
  1.56907843380173    0.000000000 0.002985075
  1.58174045404316    0.000000000 0.002985075
  1.58180365978067    0.000000000 0.002985075
  1.60799366890844    0.000000000 0.002985075
  1.61219967756693    0.000000000 0.002985075
  1.63530389112006    0.000000000 0.002985075
  1.63801706894987    0.000000000 0.002985075
  1.66770780231719    0.000000000 0.002985075
  1.67462373855525    0.000000000 0.002985075
  1.68244264634978    0.000000000 0.002985075
  1.68986439626549    0.000000000 0.002985075
  1.69975218642496    0.000000000 0.002985075
  1.72342366785508    0.000000000 0.002985075
  1.72671914869326    0.000000000 0.002985075
  1.73181017566452    0.000000000 0.002985075
  1.73671519236297    0.000000000 0.002985075
  1.74359338222134    0.000000000 0.002985075
  1.7502987129922     0.000000000 0.002985075
  1.8106643619812     0.000000000 0.002985075
  1.8253677816026     0.000000000 0.002985075
  1.8264766915779     0.000000000 0.002985075
  1.8530248354529     0.000000000 0.002985075
  1.8638189125331     0.000000000 0.002985075
  1.89458778099391    0.000000000 0.002985075
  1.9061176073264     0.000000000 0.002985075
  1.9178419462326     0.000000000 0.002985075
  1.92577913387365    0.000000000 0.002985075
  1.96663845114457    0.000000000 0.002985075
  1.97378852825531    0.000000000 0.002985075
  2                   0.188059701 0.182089552
  2.05083011867475    0.000000000 0.002985075
  2.57570044140714    0.000000000 0.002985075
  2.91089084322634    0.000000000 0.002985075
  2.9137848230559     0.000000000 0.002985075
  3                   0.068656716 0.002985075
  4                   0.020895522 0.000000000

  Parameters of node pt (multinomial distribution)

Conditional probability table:
                  0 0.0498441250318661 0.0734875822735501 0.0821496846037784 
       0.238805970        0.001492537        0.001492537        0.001492537 
0.0897278124311031  0.095348009909735   0.10541221900609  0.107783108009563 
       0.001492537        0.001492537        0.001492537        0.001492537 
 0.114031168982979  0.114362749282107  0.139791896988318  0.148120208025485 
       0.001492537        0.001492537        0.001492537        0.001492537 
 0.150972999825714  0.161795882984095  0.162688130722375  0.173523308422097 
       0.001492537        0.001492537        0.001492537        0.001492537 
 0.198251701882378  0.206055000666608  0.221502741864461  0.222445135335553 
       0.001492537        0.001492537        0.001492537        0.001492537 
 0.243951239952581  0.248777840889789  0.256726896660562  0.265161094916477 
       0.001492537        0.001492537        0.001492537        0.001492537 
  0.27155435112557  0.294241301213515  0.297943421589501  0.303275802671575 
       0.001492537        0.001492537        0.001492537        0.001492537 
  0.31013560373451  0.323876733498949  0.330415496351103  0.332074831539038 
       0.001492537        0.001492537        0.001492537        0.001492537 
 0.345411680300462  0.364696108879942   0.36475267581511  0.365471685635491 
       0.001492537        0.001492537        0.001492537        0.001492537 
 0.373965806102094  0.375686648274956  0.380969693741021  0.382041230587086 
       0.001492537        0.001492537        0.001492537        0.001492537 
 0.387800322433072  0.410924083411229  0.418259545956843  0.427130728308143 
       0.001492537        0.001492537        0.001492537        0.001492537 
 0.436360729764363  0.441193357042836  0.447700938989221  0.463569686092973 
       0.001492537        0.001492537        0.001492537        0.001492537 
 0.465216199876847  0.471162955223888  0.473557714704637  0.491284838876271 
       0.001492537        0.001492537        0.001492537        0.001492537 
 0.503393004750629  0.521038131981519  0.523416911825738  0.527275606767244 
       0.001492537        0.001492537        0.001492537        0.001492537 
  0.52780826741374  0.536381960398412  0.546561702613473  0.554155166047139 
       0.001492537        0.001492537        0.001492537        0.001492537 
 0.566437435538408  0.578361036359461  0.595925802917194  0.607993668908443 
       0.001492537        0.001492537        0.001492537        0.001492537 
 0.611741227756924  0.631996416974398  0.638017068949866  0.655739851959842 
       0.001492537        0.001492537        0.001492537        0.001492537 
 0.670258627864772  0.676883376744752  0.682442646349783  0.692211986402224 
       0.001492537        0.001492537        0.001492537        0.001492537 
 0.692812663119256  0.697101551128554  0.701222153798808  0.703297374717366 
       0.001492537        0.001492537        0.001492537        0.001492537 
 0.705911805799649   0.71791892241051  0.720123417825765  0.727343485695706 
       0.001492537        0.001492537        0.001492537        0.001492537 
 0.729457933429815  0.731810175664519  0.740540432712904  0.743655734281224 
       0.001492537        0.001492537        0.001492537        0.001492537 
 0.754376460651523  0.774856302139977  0.776004159441726  0.788495108161921 
       0.001492537        0.001492537        0.001492537        0.001492537 
  0.80428030874944  0.809925618556082  0.814011867927087  0.818038324112412 
       0.001492537        0.001492537        0.001492537        0.001492537 
 0.828492793531412   0.87452767471364  0.901737168825352  0.920240880184461 
       0.001492537        0.001492537        0.001492537        0.001492537 
 0.931909456266551  0.946384153641268  0.951406633532814  0.953058803663198 
       0.001492537        0.001492537        0.001492537        0.001492537 
 0.960444676345394  0.973788528255309  0.979708702628826                  1 
       0.001492537        0.001492537        0.001492537        0.317910448 
  1.02291779132488   1.03480002842171   1.03603750232398   1.04827615132078 
       0.001492537        0.001492537        0.001492537        0.001492537 
  1.05083011867475   1.10314837745219   1.10433859979355   1.12194901907244 
       0.001492537        0.001492537        0.001492537        0.001492537 
  1.13977805194658   1.14081237014876   1.15326489704693   1.16518324035769 
       0.001492537        0.001492537        0.001492537        0.001492537 
  1.17689880947269   1.20969971798934   1.23946539302712   1.23955623485422 
       0.001492537        0.001492537        0.001492537        0.001492537 
  1.28424892679082   1.31644766011427   1.33793970733656   1.33797405775667 
       0.001492537        0.001492537        0.001492537        0.001492537 
  1.34131599911624    1.4193773183432   1.42321852626412   1.44132228332519 
       0.001492537        0.001492537        0.001492537        0.001492537 
  1.47022704263752    1.4856737182555   1.53667323374023   1.56587148722962 
       0.001492537        0.001492537        0.001492537        0.001492537 
  1.57570044140714   1.60006805603397   1.64876899229142   1.66770780231719 
       0.001492537        0.001492537        0.001492537        0.001492537 
  1.72111128292181   1.79757150672488   1.79994539617783    1.8780759462585 
       0.001492537        0.001492537        0.001492537        0.001492537 
  1.90527108236549   1.90664871295451   1.91089084322634    1.9137848230559 
       0.001492537        0.001492537        0.001492537        0.001492537 
  1.91470376448966   1.93034961252968      1.98245514041                  2 
       0.001492537        0.001492537        0.001492537        0.159701493 
                 3                  4                  5 
       0.055223881        0.007462687        0.004477612 

  Parameters of node game_score (multinomial distribution)

Conditional probability table:
                   0 0.00532859402026553  0.0176902076305687  0.0227584466675957 
        0.329850746         0.001492537         0.001492537         0.001492537 
 0.0399946314544879    0.08746440200445   0.107783108009563   0.118658853497789 
        0.001492537         0.001492537         0.001492537         0.001492537 
  0.119858235061118   0.146341430231955   0.164984895840097   0.167091942131041 
        0.001492537         0.001492537         0.001492537         0.001492537 
   0.18371556593722   0.202442654600598   0.218055472377042   0.240959120922936 
        0.001492537         0.001492537         0.001492537         0.001492537 
  0.243951239952581   0.248777840889789   0.254870353721094   0.256344265718776 
        0.001492537         0.001492537         0.001492537         0.001492537 
  0.270475003386444    0.27155435112557   0.279876582174235   0.293633825169323 
        0.001492537         0.001492537         0.001492537         0.001492537 
  0.297943421589501    0.30062375461963   0.306913689112113   0.348326673490833 
        0.001492537         0.001492537         0.001492537         0.001492537 
  0.365471685635491   0.373809061951438   0.373965806102094   0.375686648274956 
        0.001492537         0.001492537         0.001492537         0.001492537 
  0.380267303486441   0.382041230587086   0.395150141005331   0.410924083411229 
        0.001492537         0.001492537         0.001492537         0.001492537 
  0.448383606175387   0.468571543198489   0.486250619590342   0.486273656463302 
        0.001492537         0.001492537         0.001492537         0.001492537 
  0.513540603261446   0.545555069550154   0.551606559112157   0.553652370424696 
        0.001492537         0.001492537         0.001492537         0.001492537 
  0.566960253177092   0.576781473735885   0.577775289639176   0.581803659780675 
        0.001492537         0.001492537         0.001492537         0.001492537 
  0.617543046932802   0.642398879381846   0.646557353168648   0.653331969859213 
        0.001492537         0.001492537         0.001492537         0.001492537 
  0.658684000883756   0.661558311627624   0.675879414673122   0.682442646349783 
        0.001492537         0.001492537         0.001492537         0.001492537 
  0.682746908315009   0.692211986402224   0.699752186424961   0.707844296397641 
        0.001492537         0.001492537         0.001492537         0.001492537 
  0.709125991183837   0.715751073209182   0.718249138493256   0.719120566960403 
        0.001492537         0.001492537         0.001492537         0.001492537 
  0.723423667855077   0.736715192362971   0.757917989687718   0.771625888819197 
        0.001492537         0.001492537         0.001492537         0.001492537 
  0.774856302139977    0.80428030874944     0.8253677816026   0.837311869277625 
        0.001492537         0.001492537         0.001492537         0.001492537 
  0.855509221019568   0.871796691110669   0.875149356496101   0.905332180990601 
        0.001492537         0.001492537         0.001492537         0.001492537 
  0.925779133873652   0.931909456266551   0.953058803663198   0.958920973116302 
        0.001492537         0.001492537         0.001492537         0.001492537 
  0.973323010198967   0.973788528255309                   1    1.02291779132488 
        0.001492537         0.001492537         0.253731343         0.001492537 
   1.03480002842171    1.03603750232398    1.03912097669052    1.05083011867475 
        0.001492537         0.001492537         0.001492537         0.001492537 
   1.07329864670542    1.07406010401274    1.09066595327817    1.09378589036492 
        0.001492537         0.001492537         0.001492537         0.001492537 
   1.10314837745219    1.12194901907244    1.12836344833028    1.13977805194658 
        0.001492537         0.001492537         0.001492537         0.001492537 
   1.14081237014876    1.15326489704693     1.1680034664005    1.17424382768415 
        0.001492537         0.001492537         0.001492537         0.001492537 
   1.18177997589565    1.23758458862945    1.23955623485422    1.25128063290003 
        0.001492537         0.001492537         0.001492537         0.001492537 
   1.27328085130674    1.33462287772738    1.34855077556428    1.38096969374102 
        0.001492537         0.001492537         0.001492537         0.001492537 
   1.39343093793986    1.39542941015621     1.4193773183432    1.43516641131646 
        0.001492537         0.001492537         0.001492537         0.001492537 
   1.46216889081961     1.4856737182555    1.52572845746434    1.53667323374023 
        0.001492537         0.001492537         0.001492537         0.001492537 
     1.539133080542    1.56587148722962    1.57336169184203    1.57570044140714 
        0.001492537         0.001492537         0.001492537         0.001492537 
   1.58981912454202    1.59286324064994    1.60006805603397    1.60185026092535 
        0.001492537         0.001492537         0.001492537         0.001492537 
   1.63456653159672    1.64876899229142    1.66594170695249    1.66770780231719 
        0.001492537         0.001492537         0.001492537         0.001492537 
   1.72111128292181    1.78453921690086    1.79994539617783    1.88483607546247 
        0.001492537         0.001492537         0.001492537         0.001492537 
   1.90527108236549    1.91089084322634     1.9137848230559    1.93034961252968 
        0.001492537         0.001492537         0.001492537         0.001492537 
   1.94236915541698    1.98331922557228    1.98637094151147    1.99756649285173 
        0.001492537         0.001492537         0.001492537         0.001492537 
                  2                   3                   4 
        0.164179104         0.034328358         0.011940299 

  Parameters of node op1 (conditional Gaussian distribution)

Conditional density: op1 | sv1 + score + score_s + estado
Coefficients:
                       0            1
(Intercept)  -0.17609080   0.22750985
sv1           0.59426926   0.00000000
score         0.01542301  -0.07202365
score_s       0.02714618   0.29119452
Standard deviation of the residuals:
        0          1  
0.4870624  0.4350149  
Discrete parents' configurations:
   estado
0       0
1       1

  Parameters of node op2 (conditional Gaussian distribution)

Conditional density: op2 | op1 + op4 + op5 + op6 + sv1 + score + score_d + estado
Coefficients:
                       0            1
(Intercept)   0.09208333   0.02577752
op1           0.12323300   0.06743416
op4           0.02800907  -0.13465443
op5           0.12152401   0.02099447
op6           0.09248491   0.43616274
sv1           0.42630271   0.00000000
score        -0.01411131   0.13622137
score_d       0.03780970  -0.19280291
Standard deviation of the residuals:
        0          1  
0.4522573  0.4154184  
Discrete parents' configurations:
   estado
0       0
1       1

  Parameters of node op4 (Gaussian distribution)

Conditional density: op4
Coefficients:
(Intercept)  
  0.4298507  
Standard deviation of the residuals: 0.4954245 

  Parameters of node op5 (conditional Gaussian distribution)

Conditional density: op5 | op1 + op4 + score + score_p + score_d + estado
Coefficients:
                       0            1
(Intercept)   0.18586817   0.34320343
op1           0.14247427  -0.17621131
op4           0.28918048   0.35793956
score        -0.02793870  -0.16865416
score_p       0.03486231   0.18880018
score_d       0.05334928   0.15899512
Standard deviation of the residuals:
        0          1  
0.4685977  0.2760214  
Discrete parents' configurations:
   estado
0       0
1       1

  Parameters of node op6 (conditional Gaussian distribution)

Conditional density: op6 | op1 + op5 + estado
Coefficients:
                       0            1
(Intercept)   0.40064842   0.22179957
op1           0.06186105  -0.09320072
op5           0.12995583   0.40371081
Standard deviation of the residuals:
        0          1  
0.4963628  0.4057607  
Discrete parents' configurations:
   estado
0       0
1       1

  Parameters of node sv1 (Gaussian distribution)

Conditional density: sv1 | op4
Coefficients:
(Intercept)          op4  
 0.98429319   0.01223458  
Standard deviation of the residuals: 0.1016502 

  Parameters of node sv2 (conditional Gaussian distribution)

Conditional density: sv2 | op2 + op4 + op5 + op6 + sv1 + score + score_p + score_d + score_s + estado
Coefficients:
                        0             1
(Intercept)   0.498243619   0.536234265
op2           0.152556483   0.547246354
op4          -0.026247327   0.091223049
op5           0.049890958  -0.049980890
op6           0.040825832   0.114469812
sv1           0.288407970   0.000000000
score        -0.011738323   0.077638931
score_p       0.008414829  -0.222021152
score_d       0.030500258  -0.089921706
score_s       0.007456032   0.083279034
Standard deviation of the residuals:
        0          1  
0.2165738  0.2636901  
Discrete parents' configurations:
   estado
0       0
1       1

  Parameters of node sv5 (conditional Gaussian distribution)

Conditional density: sv5 | op2 + op4 + op5 + sv2 + score + score_p + score_d + estado
Coefficients:
                        0             1
(Intercept)   0.460720346   0.781383565
op2           0.041100846   0.234080722
op4           0.013666742   0.264451697
op5           0.185741191  -0.101700576
sv2           0.137000889  -0.170256633
score         0.013851966  -0.151326755
score_p       0.020860298   0.224631517
score_d       0.003840414   0.126501162
Standard deviation of the residuals:
        0          1  
0.3048277  0.3606582  
Discrete parents' configurations:
   estado
0       0
1       1

  Parameters of node score (conditional Gaussian distribution)

Conditional density: score | op4 + estado
Coefficients:
                      0           1
(Intercept)   7.0055866   6.5320197
op4           0.2251826  -0.3805046
Standard deviation of the residuals:
       0         1  
2.206111  1.838454  
Discrete parents' configurations:
   estado
0       0
1       1

  Parameters of node score_a (conditional Gaussian distribution)

Conditional density: score_a | op4 + score + estado
Coefficients:
                       0            1
(Intercept)  -0.02374489   0.22331011
op4          -0.09513816  -0.41219246
score         0.63257602   0.58119762
Standard deviation of the residuals:
        0          1  
0.6841432  0.6471190  
Discrete parents' configurations:
   estado
0       0
1       1

  Parameters of node score_p (conditional Gaussian distribution)

Conditional density: score_p | op4 + score + score_a + estado
Coefficients:
                       0            1
(Intercept)  -0.34191338  -0.83041055
op4           0.08224761   0.32838386
score         0.94545376   0.85866631
score_a      -0.72800573  -0.55026739
Standard deviation of the residuals:
        0          1  
0.6439160  0.5579224  
Discrete parents' configurations:
   estado
0       0
1       1

  Parameters of node score_d (conditional Gaussian distribution)

Conditional density: score_d | op4 + score + score_a + score_p + estado
Coefficients:
                       0            1
(Intercept)  -0.33507436  -0.05982380
op4           0.04342643  -0.14708596
score         0.79065480   0.66003161
score_a      -0.19060348  -0.20172891
score_p      -0.70748485  -0.49989808
Standard deviation of the residuals:
        0          1  
0.5443414  0.5262257  
Discrete parents' configurations:
   estado
0       0
1       1

  Parameters of node score_s (conditional Gaussian distribution)

Conditional density: score_s | score + score_a + score_p + score_d + estado
Coefficients:
                       0            1
(Intercept)   0.35914907   0.10954970
score         0.65583229   0.09952636
score_a      -0.31238923   0.27723037
score_p      -0.51032859  -0.17776455
score_d       0.10315687   0.33648525
Standard deviation of the residuals:
        0          1  
0.5990694  0.5454106  
Discrete parents' configurations:
   estado
0       0
1       1

  Parameters of node programa (conditional Gaussian distribution)

Conditional density: programa | sv2 + sv5 + score + score_a + score_s + estado
Coefficients:
                       0            1
(Intercept)   4.58758177   3.69737391
sv2          -0.11418663  -0.32307752
sv5           0.03427050   0.47962874
score        -0.09804752  -0.11982855
score_a       0.08910803   0.22585878
score_s      -0.06359646  -0.17758847
Standard deviation of the residuals:
        0          1  
0.9569273  0.6761328  
Discrete parents' configurations:
   estado
0       0
1       1

  Parameters of node sol1 (multinomial distribution)

Conditional probability table:
                 0 0.181961675887588 0.193104605283123 0.528837044776112 
      0.050746269       0.001492537       0.001492537       0.001492537 
0.552299061010779 0.619030306258979 0.722453894902158 0.734838905083523 
      0.001492537       0.001492537       0.001492537       0.001492537 
                1  1.34426014804016  1.42164887602436  1.61219967756693 
      0.004477612       0.001492537       0.001492537       0.001492537 
 1.63530389112006   1.6507525228895   1.8530248354529                 2 
      0.001492537       0.001492537       0.001492537       0.001492537 
 2.29424130121351  2.50339300475063  2.65714228400755  2.71791892241051 
      0.001492537       0.001492537       0.001492537       0.001492537 
 2.90591716130183                 3  3.17264157182255  3.31644766011427 
      0.001492537       0.001492537       0.001492537       0.001492537 
 3.46543155443944  3.57620179367524  3.88049367130306  3.90972263811479 
      0.001492537       0.001492537       0.001492537       0.001492537 
 3.91470376448966  3.95633864719241   3.9746229371249  3.99613136681787 
      0.001492537       0.001492537       0.001492537       0.001492537 
                4   4.0946678190094  4.11985823506112  4.12820330888933 
      0.016417910       0.001492537       0.001492537       0.001492537 
 4.17666941926894  4.19825170188238  4.21546078309914  4.22103441291881 
      0.001492537       0.001492537       0.001492537       0.001492537 
 4.22266259837904  4.26328480763703  4.27155435112557   4.2817441998567 
      0.001492537       0.001492537       0.001492537       0.001492537 
 4.30024781357504  4.32387673349895  4.35344264683135  4.35760112061815 
      0.001492537       0.001492537       0.001492537       0.001492537 
 4.36198293105013  4.36543346840328  4.39712696043218  4.40713675935006 
      0.001492537       0.001492537       0.001492537       0.001492537 
 4.50871516112373   4.5137263435367  4.56094678700915  4.56723747623606 
      0.001492537       0.001492537       0.001492537       0.001492537 
  4.5806226816568  4.61394246387871  4.63524732418489  4.65144922443572 
      0.001492537       0.001492537       0.001492537       0.001492537 
  4.6684745602731  4.68589044356087  4.70591180579965  4.72945793342982 
      0.001492537       0.001492537       0.001492537       0.001492537 
 4.72952499661356   4.7405404327129  4.74430822289778  4.74871936709997 
      0.001492537       0.001492537       0.001492537       0.001492537 
 4.76241541137055   4.8013821688818  4.82275435819158  4.90933404672183 
      0.001492537       0.001492537       0.001492537       0.001492537 
 4.92593989598726                 5  5.02667698980103  5.04984412503187 
      0.001492537       0.111940299       0.001492537       0.001492537 
 5.05083011867475  5.05989068775591  5.07824195338104  5.08214968460378 
      0.001492537       0.001492537       0.001492537       0.001492537 
 5.09534800990973  5.11602815589013  5.12836344833028  5.13417976036771 
      0.001492537       0.001492537       0.001492537       0.001492537 
 5.15097299982571  5.15140088281428  5.16518324035769  5.16709194213104 
      0.001492537       0.001492537       0.001492537       0.001492537 
 5.18001831006229  5.22244513533555   5.2283741111808  5.23073363333621 
      0.001492537       0.001492537       0.001492537       0.001492537 
 5.24208201031228  5.24389803814489  5.24762720383736  5.29215570360236 
      0.001492537       0.001492537       0.001492537       0.001492537 
 5.29911924046872   5.3304154963511    5.336006932801  5.33844168837238 
      0.001492537       0.001492537       0.001492537       0.001492537 
 5.34131599911624  5.34301441293718   5.3635599517913  5.38014876288784 
      0.001492537       0.001492537       0.001492537       0.001492537 
 5.38800207972086  5.42300978367616  5.42321852626412  5.42439575862846 
      0.001492537       0.001492537       0.001492537       0.001492537 
 5.45444493044985  5.46645546594487  5.49124707869696    5.494916248011 
      0.001492537       0.001492537       0.001492537       0.001492537 
 5.49880876691314  5.52780826741374  5.53150749208904  5.53495489129787 
      0.001492537       0.001492537       0.001492537       0.001492537 
 5.53638196039841  5.60484985899467  5.61174122775692  5.61437467376149 
      0.001492537       0.001492537       0.001492537       0.001492537 
 5.61973269651356  5.67025862786477  5.69937624538037  5.72060828938408 
      0.001492537       0.001492537       0.001492537       0.001492537 
 5.79757150672488  5.82756964611179   5.8350151041599  5.84327792728108 
      0.001492537       0.001492537       0.001492537       0.001492537 
 5.86712512892318  5.87033282263291  5.91089084322634  5.92416267929273 
      0.001492537       0.001492537       0.001492537       0.001492537 
 5.92433778163923  5.94638415364127  5.94858366213485   5.9589209731163 
      0.001492537       0.001492537       0.001492537       0.001492537 
 5.97742774603756  5.98230979236943    5.991227570205  5.99467140597973 
      0.001492537       0.001492537       0.001492537       0.001492537 
 5.99542664825908                 6  6.06956760024631  6.07329864670542 
      0.001492537       0.047761194       0.001492537       0.001492537 
 6.17424382768415  6.24031908572819  6.25094465057272  6.27657633214492 
      0.001492537       0.001492537       0.001492537       0.001492537 
 6.33541560463439  6.39343093793986  6.40145507518156  6.40407419708281 
      0.001492537       0.001492537       0.001492537       0.001492537 
 6.47658308817426  6.47896186801848  6.52572845746434  6.52885355739623 
      0.001492537       0.001492537       0.001492537       0.001492537 
   6.539133080542  6.54531302860859  6.55867771667481  6.56363927023564 
      0.001492537       0.001492537       0.001492537       0.001492537 
 6.57336169184203  6.60185026092535  6.76967215092495  6.79394499933339 
      0.001492537       0.001492537       0.001492537       0.001492537 
 6.80020416810192   6.8382041170159  6.92982583945871  6.96000536854551 
      0.001492537       0.001492537       0.001492537       0.001492537 
 6.96663845114457  6.98637094151147  6.99756649285173                 7 
      0.001492537       0.001492537       0.001492537       0.086567164 
 7.03955532365461  7.06959318879647  7.14573854338371  7.28464716057385 
      0.001492537       0.001492537       0.001492537       0.001492537 
 7.30297420372358  7.35723355329934  7.39901030131022  7.43083493499898 
      0.001492537       0.001492537       0.001492537       0.001492537 
 7.51354060326145  7.56382422689275   7.5961826985814  7.62526313677245 
      0.001492537       0.001492537       0.001492537       0.001492537 
 7.70273857254044  7.70912599118384  7.77193766203404  7.81332698518032 
      0.001492537       0.001492537       0.001492537       0.001492537 
 7.82617530402277  7.83752531085215   7.8751493564961  7.88563725071789 
      0.001492537       0.001492537       0.001492537       0.001492537 
 7.92181884542104  7.92665353251954                 8  8.14725321962755 
      0.001492537       0.001492537       0.168656716       0.001492537 
 8.20914117968757  8.37568664827496  8.68244264634978  8.72044389610684 
      0.001492537       0.001492537       0.001492537       0.001492537 
 8.81242821927015  8.92792499535204   8.9379705283767  8.95416441735025 
      0.001492537       0.001492537       0.001492537       0.001492537 
 8.97378852825531                 9 
      0.001492537       0.217910448 

  Parameters of node estado (multinomial distribution)

Conditional probability table:
 
      sol1
estado           0 0.181961675887588 0.193104605283123 0.528837044776112
     0 0.000000000       0.000000000       0.000000000       0.000000000
     1 1.000000000       1.000000000       1.000000000       1.000000000
      sol1
estado 0.552299061010779 0.619030306258979 0.722453894902158 0.734838905083523
     0       0.000000000       0.000000000       0.000000000       0.000000000
     1       1.000000000       1.000000000       1.000000000       1.000000000
      sol1
estado           1 1.34426014804016 1.42164887602436 1.61219967756693
     0 0.666666667      0.000000000      0.000000000      0.000000000
     1 0.333333333      1.000000000      1.000000000      1.000000000
      sol1
estado 1.63530389112006 1.6507525228895 1.8530248354529           2
     0      0.000000000     0.000000000     0.000000000 0.000000000
     1      1.000000000     1.000000000     1.000000000 1.000000000
      sol1
estado 2.29424130121351 2.50339300475063 2.65714228400755 2.71791892241051
     0      0.000000000      0.000000000      0.000000000      0.000000000
     1      1.000000000      1.000000000      1.000000000      1.000000000
      sol1
estado 2.90591716130183           3 3.17264157182255 3.31644766011427
     0      0.000000000 1.000000000      0.000000000      0.000000000
     1      1.000000000 0.000000000      1.000000000      1.000000000
      sol1
estado 3.46543155443944 3.57620179367524 3.88049367130306 3.90972263811479
     0      0.000000000      0.000000000      0.000000000      0.000000000
     1      1.000000000      1.000000000      1.000000000      1.000000000
      sol1
estado 3.91470376448966 3.95633864719241 3.9746229371249 3.99613136681787
     0      0.000000000      0.000000000     0.000000000      0.000000000
     1      1.000000000      1.000000000     1.000000000      1.000000000
      sol1
estado           4 4.0946678190094 4.11985823506112 4.12820330888933
     0 0.727272727     0.000000000      0.000000000      0.000000000
     1 0.272727273     1.000000000      1.000000000      1.000000000
      sol1
estado 4.17666941926894 4.19825170188238 4.21546078309914 4.22103441291881
     0      0.000000000      0.000000000      0.000000000      0.000000000
     1      1.000000000      1.000000000      1.000000000      1.000000000
      sol1
estado 4.22266259837904 4.26328480763703 4.27155435112557 4.2817441998567
     0      0.000000000      0.000000000      0.000000000     0.000000000
     1      1.000000000      1.000000000      1.000000000     1.000000000
      sol1
estado 4.30024781357504 4.32387673349895 4.35344264683135 4.35760112061815
     0      0.000000000      0.000000000      0.000000000      0.000000000
     1      1.000000000      1.000000000      1.000000000      1.000000000
      sol1
estado 4.36198293105013 4.36543346840328 4.39712696043218 4.40713675935006
     0      0.000000000      0.000000000      0.000000000      0.000000000
     1      1.000000000      1.000000000      1.000000000      1.000000000
      sol1
estado 4.50871516112373 4.5137263435367 4.56094678700915 4.56723747623606
     0      0.000000000     0.000000000      0.000000000      0.000000000
     1      1.000000000     1.000000000      1.000000000      1.000000000
      sol1
estado 4.5806226816568 4.61394246387871 4.63524732418489 4.65144922443572
     0     0.000000000      0.000000000      0.000000000      0.000000000
     1     1.000000000      1.000000000      1.000000000      1.000000000
      sol1
estado 4.6684745602731 4.68589044356087 4.70591180579965 4.72945793342982
     0     0.000000000      0.000000000      0.000000000      0.000000000
     1     1.000000000      1.000000000      1.000000000      1.000000000
      sol1
estado 4.72952499661356 4.7405404327129 4.74430822289778 4.74871936709997
     0      0.000000000     0.000000000      0.000000000      0.000000000
     1      1.000000000     1.000000000      1.000000000      1.000000000
      sol1
estado 4.76241541137055 4.8013821688818 4.82275435819158 4.90933404672183
     0      0.000000000     0.000000000      0.000000000      0.000000000
     1      1.000000000     1.000000000      1.000000000      1.000000000
      sol1
estado 4.92593989598726           5 5.02667698980103 5.04984412503187
     0      0.000000000 0.160000000      0.000000000      0.000000000
     1      1.000000000 0.840000000      1.000000000      1.000000000
      sol1
estado 5.05083011867475 5.05989068775591 5.07824195338104 5.08214968460378
     0      0.000000000      0.000000000      0.000000000      0.000000000
     1      1.000000000      1.000000000      1.000000000      1.000000000
      sol1
estado 5.09534800990973 5.11602815589013 5.12836344833028 5.13417976036771
     0      0.000000000      0.000000000      0.000000000      0.000000000
     1      1.000000000      1.000000000      1.000000000      1.000000000
      sol1
estado 5.15097299982571 5.15140088281428 5.16518324035769 5.16709194213104
     0      0.000000000      0.000000000      0.000000000      0.000000000
     1      1.000000000      1.000000000      1.000000000      1.000000000
      sol1
estado 5.18001831006229 5.22244513533555 5.2283741111808 5.23073363333621
     0      0.000000000      0.000000000     0.000000000      0.000000000
     1      1.000000000      1.000000000     1.000000000      1.000000000
      sol1
estado 5.24208201031228 5.24389803814489 5.24762720383736 5.29215570360236
     0      0.000000000      0.000000000      0.000000000      0.000000000
     1      1.000000000      1.000000000      1.000000000      1.000000000
      sol1
estado 5.29911924046872 5.3304154963511 5.336006932801 5.33844168837238
     0      0.000000000     0.000000000    0.000000000      0.000000000
     1      1.000000000     1.000000000    1.000000000      1.000000000
      sol1
estado 5.34131599911624 5.34301441293718 5.3635599517913 5.38014876288784
     0      0.000000000      0.000000000     0.000000000      0.000000000
     1      1.000000000      1.000000000     1.000000000      1.000000000
      sol1
estado 5.38800207972086 5.42300978367616 5.42321852626412 5.42439575862846
     0      0.000000000      0.000000000      0.000000000      0.000000000
     1      1.000000000      1.000000000      1.000000000      1.000000000
      sol1
estado 5.45444493044985 5.46645546594487 5.49124707869696 5.494916248011
     0      0.000000000      0.000000000      0.000000000    0.000000000
     1      1.000000000      1.000000000      1.000000000    1.000000000
      sol1
estado 5.49880876691314 5.52780826741374 5.53150749208904 5.53495489129787
     0      0.000000000      0.000000000      0.000000000      0.000000000
     1      1.000000000      1.000000000      1.000000000      1.000000000
      sol1
estado 5.53638196039841 5.60484985899467 5.61174122775692 5.61437467376149
     0      0.000000000      0.000000000      0.000000000      0.000000000
     1      1.000000000      1.000000000      1.000000000      1.000000000
      sol1
estado 5.61973269651356 5.67025862786477 5.69937624538037 5.72060828938408
     0      0.000000000      0.000000000      0.000000000      0.000000000
     1      1.000000000      1.000000000      1.000000000      1.000000000
      sol1
estado 5.79757150672488 5.82756964611179 5.8350151041599 5.84327792728108
     0      0.000000000      0.000000000     0.000000000      0.000000000
     1      1.000000000      1.000000000     1.000000000      1.000000000
      sol1
estado 5.86712512892318 5.87033282263291 5.91089084322634 5.92416267929273
     0      0.000000000      0.000000000      0.000000000      0.000000000
     1      1.000000000      1.000000000      1.000000000      1.000000000
      sol1
estado 5.92433778163923 5.94638415364127 5.94858366213485 5.9589209731163
     0      0.000000000      0.000000000      0.000000000     0.000000000
     1      1.000000000      1.000000000      1.000000000     1.000000000
      sol1
estado 5.97742774603756 5.98230979236943 5.991227570205 5.99467140597973
     0      0.000000000      0.000000000    0.000000000      0.000000000
     1      1.000000000      1.000000000    1.000000000      1.000000000
      sol1
estado 5.99542664825908           6 6.06956760024631 6.07329864670542
     0      0.000000000 0.781250000      0.000000000      0.000000000
     1      1.000000000 0.218750000      1.000000000      1.000000000
      sol1
estado 6.17424382768415 6.24031908572819 6.25094465057272 6.27657633214492
     0      0.000000000      0.000000000      0.000000000      0.000000000
     1      1.000000000      1.000000000      1.000000000      1.000000000
      sol1
estado 6.33541560463439 6.39343093793986 6.40145507518156 6.40407419708281
     0      0.000000000      0.000000000      0.000000000      0.000000000
     1      1.000000000      1.000000000      1.000000000      1.000000000
      sol1
estado 6.47658308817426 6.47896186801848 6.52572845746434 6.52885355739623
     0      0.000000000      0.000000000      0.000000000      0.000000000
     1      1.000000000      1.000000000      1.000000000      1.000000000
      sol1
estado 6.539133080542 6.54531302860859 6.55867771667481 6.56363927023564
     0    0.000000000      0.000000000      0.000000000      0.000000000
     1    1.000000000      1.000000000      1.000000000      1.000000000
      sol1
estado 6.57336169184203 6.60185026092535 6.76967215092495 6.79394499933339
     0      0.000000000      0.000000000      0.000000000      0.000000000
     1      1.000000000      1.000000000      1.000000000      1.000000000
      sol1
estado 6.80020416810192 6.8382041170159 6.92982583945871 6.96000536854551
     0      0.000000000     0.000000000      0.000000000      0.000000000
     1      1.000000000     1.000000000      1.000000000      1.000000000
      sol1
estado 6.96663845114457 6.98637094151147 6.99756649285173           7
     0      0.000000000      0.000000000      0.000000000 0.896551724
     1      1.000000000      1.000000000      1.000000000 0.103448276
      sol1
estado 7.03955532365461 7.06959318879647 7.14573854338371 7.28464716057385
     0      0.000000000      0.000000000      0.000000000      0.000000000
     1      1.000000000      1.000000000      1.000000000      1.000000000
      sol1
estado 7.30297420372358 7.35723355329934 7.39901030131022 7.43083493499898
     0      0.000000000      0.000000000      0.000000000      0.000000000
     1      1.000000000      1.000000000      1.000000000      1.000000000
      sol1
estado 7.51354060326145 7.56382422689275 7.5961826985814 7.62526313677245
     0      0.000000000      0.000000000     0.000000000      0.000000000
     1      1.000000000      1.000000000     1.000000000      1.000000000
      sol1
estado 7.70273857254044 7.70912599118384 7.77193766203404 7.81332698518032
     0      0.000000000      0.000000000      0.000000000      0.000000000
     1      1.000000000      1.000000000      1.000000000      1.000000000
      sol1
estado 7.82617530402277 7.83752531085215 7.8751493564961 7.88563725071789
     0      0.000000000      0.000000000     0.000000000      0.000000000
     1      1.000000000      1.000000000     1.000000000      1.000000000
      sol1
estado 7.92181884542104 7.92665353251954           8 8.14725321962755
     0      0.000000000      0.000000000 0.796460177      0.000000000
     1      1.000000000      1.000000000 0.203539823      1.000000000
      sol1
estado 8.20914117968757 8.37568664827496 8.68244264634978 8.72044389610684
     0      0.000000000      0.000000000      0.000000000      0.000000000
     1      1.000000000      1.000000000      1.000000000      1.000000000
      sol1
estado 8.81242821927015 8.92792499535204 8.9379705283767 8.95416441735025
     0      0.000000000      0.000000000     0.000000000      0.000000000
     1      1.000000000      1.000000000     1.000000000      1.000000000
      sol1
estado 8.97378852825531           9
     0      0.000000000 0.993150685
     1      1.000000000 0.006849315

