
  Bayesian network parameters

  Parameters of node lt (multinomial distribution)

Conditional probability table:
                   0 0.00230293869375775  0.0081936772943465 0.00909829004219875 
        0.504477612         0.001492537         0.001492537         0.001492537 
 0.0108537173110723   0.023620305468268  0.0332538252364211   0.042961068108347 
        0.001492537         0.001492537         0.001492537         0.001492537 
 0.0652344555868676  0.0698755998200182  0.0714662094257286  0.0765187370057974 
        0.001492537         0.001492537         0.001492537         0.001492537 
 0.0806906179217391  0.0848832155110725  0.0856432085740128  0.0881954704896205 
        0.001492537         0.001492537         0.001492537         0.001492537 
 0.0902787177551679   0.116838597642617   0.122285370546631   0.184088982442167 
        0.001492537         0.001492537         0.001492537         0.001492537 
  0.204490422535216   0.250573490348778   0.256908216140933   0.260062644206447 
        0.001492537         0.001492537         0.001492537         0.001492537 
  0.288540144309737   0.294373791669868   0.301421926148337   0.330446998731758 
        0.001492537         0.001492537         0.001492537         0.001492537 
   0.34427573233101   0.345121236401301   0.350621243999423   0.386353954056352 
        0.001492537         0.001492537         0.001492537         0.001492537 
  0.400613088024051   0.413318958960372   0.433685263841044   0.435921231988988 
        0.001492537         0.001492537         0.001492537         0.001492537 
  0.440954073412759   0.462826820040773   0.464230398965742   0.478869600482065 
        0.001492537         0.001492537         0.001492537         0.001492537 
  0.506023977948291   0.537155021238752   0.537615550662575   0.547506903834185 
        0.001492537         0.001492537         0.001492537         0.001492537 
  0.578895282930527   0.589326596269195   0.636844914420338   0.637507815620408 
        0.001492537         0.001492537         0.001492537         0.001492537 
  0.708063810097967   0.708381585885023   0.717875470070522   0.721450090835183 
        0.001492537         0.001492537         0.001492537         0.001492537 
   0.73888016397055   0.738950701986733   0.743813579727842   0.753580600897629 
        0.001492537         0.001492537         0.001492537         0.001492537 
   0.75501817943741   0.764120154540086   0.765069302339608   0.767674316262505 
        0.001492537         0.001492537         0.001492537         0.001492537 
   0.77725513208109   0.794231229032821   0.794471076262602   0.810213372397485 
        0.001492537         0.001492537         0.001492537         0.001492537 
  0.810721825863924   0.812918468091568   0.844641715090299    0.85200815436469 
        0.001492537         0.001492537         0.001492537         0.001492537 
  0.920576246495265   0.926410795009493   0.969495892734431   0.992531382328312 
        0.001492537         0.001492537         0.001492537         0.001492537 
                  1    1.00553698901622    1.01373434310866    1.02344333944131 
        0.165671642         0.001492537         0.001492537         0.001492537 
   1.03123596907764    1.12149222448829    1.20489494006782    1.20742962800228 
        0.001492537         0.001492537         0.001492537         0.001492537 
   1.20905355293872    1.23462882255807    1.29530631611185    1.34735141827723 
        0.001492537         0.001492537         0.001492537         0.001492537 
    1.3499239660847    1.35069159097252    1.36612504055232     1.3770010982124 
        0.001492537         0.001492537         0.001492537         0.001492537 
   1.38232179816556    1.40469889366004    1.43119389607239    1.44023576370112 
        0.001492537         0.001492537         0.001492537         0.001492537 
    1.4513882461337     1.4558122597409    1.45850844020196    1.47634340902518 
        0.001492537         0.001492537         0.001492537         0.001492537 
   1.51524690015575    1.55909388960847    1.56010367522527    1.60687231625954 
        0.001492537         0.001492537         0.001492537         0.001492537 
   1.61596601818134    1.64595509618893    1.67940565091175    1.76486784860949 
        0.001492537         0.001492537         0.001492537         0.001492537 
   1.76931168157295    1.77366043397272    1.77616296529456    1.77723502503246 
        0.001492537         0.001492537         0.001492537         0.001492537 
   1.79664536988524    1.89110048277454    1.89251295103669    1.91830629580748 
        0.001492537         0.001492537         0.001492537         0.001492537 
   1.93398276448779    1.94553586775735    1.96196318568654    1.99177148098428 
        0.001492537         0.001492537         0.001492537         0.001492537 
                  2     2.0458393238562    2.14944073655929    2.15266434921986 
        0.080597015         0.001492537         0.001492537         0.001492537 
   2.21808540201932    2.28325564593802    2.28814201015377    2.31119403767312 
        0.001492537         0.001492537         0.001492537         0.001492537 
   2.35515391510869     2.3589991218918    2.51470445862588    2.54896135527595 
        0.001492537         0.001492537         0.001492537         0.001492537 
   2.58136644430351    2.65105290753998    2.77526227031251    2.78052442354973 
        0.001492537         0.001492537         0.001492537         0.001492537 
   2.79116031995552    2.81567360435756    2.81905063477979    2.90639250107287 
        0.001492537         0.001492537         0.001492537         0.001492537 
   2.91068176325346    2.91932102580035    2.96290246987586    2.99103781982511 
        0.001492537         0.001492537         0.001492537         0.001492537 
                  3                   4                   5                   6 
        0.031343284         0.007462687         0.002985075         0.002985075 

  Parameters of node pt (multinomial distribution)

Conditional probability table:
                   0  0.0081936772943465 0.00896218017488581  0.0108537173110723 
        0.208955224         0.001492537         0.001492537         0.001492537 
 0.0312359690776437  0.0313308943013728  0.0741950602482726  0.0785562180440469 
        0.001492537         0.001492537         0.001492537         0.001492537 
 0.0926893835855048  0.0936074989271296   0.161357948399309   0.164396293926558 
        0.001492537         0.001492537         0.001492537         0.001492537 
  0.171654089243009   0.178636473493077   0.180949365220211   0.184326395642442 
        0.001492537         0.001492537         0.001492537         0.001492537 
  0.187081531908432   0.201243908707961   0.206659479480186   0.222342229313058 
        0.001492537         0.001492537         0.001492537         0.001492537 
  0.235310838219109   0.236504669626851   0.242647770687062    0.24498182056259 
        0.001492537         0.001492537         0.001492537         0.001492537 
  0.257834373699518   0.261049298013267    0.26111983602945    0.29149149850062 
        0.001492537         0.001492537         0.001492537         0.001492537 
    0.3065041759618   0.322793752473878    0.34427573233101   0.350621243999423 
        0.001492537         0.001492537         0.001492537         0.001492537 
  0.350691590972516   0.363155085579662   0.384612954404202   0.395227578534946 
        0.001492537         0.001492537         0.001492537         0.001492537 
  0.411816403518397   0.417679360088957   0.438951152900546   0.462844978761248 
        0.001492537         0.001492537         0.001492537         0.001492537 
  0.478869600482065   0.481885295907787   0.496265691164156   0.499575233526377 
        0.001492537         0.001492537         0.001492537         0.001492537 
  0.504009971587641   0.506867171554328   0.537173179959227   0.559045926587241 
        0.001492537         0.001492537         0.001492537         0.001492537 
  0.560103675225275   0.597813706927984   0.609035051213678   0.613646045943648 
        0.001492537         0.001492537         0.001492537         0.001492537 
  0.617566075695256   0.636252958521561   0.641000878108198   0.668054232225554 
        0.001492537         0.001492537         0.001492537         0.001492537 
  0.669553001268242   0.701986383313694   0.709948976563903   0.717875470070522 
        0.001492537         0.001492537         0.001492537         0.001492537 
  0.739937355793553   0.765069302339608   0.786969820872835   0.794231229032821 
        0.001492537         0.001492537         0.001492537         0.001492537 
  0.821207387387664   0.826324290861387   0.832768969869252   0.850559263440715 
        0.001492537         0.001492537         0.001492537         0.001492537 
  0.871216975552947   0.896285185998862   0.909896657072311   0.910538817169306 
        0.001492537         0.001492537         0.001492537         0.001492537 
  0.915116784488928   0.916744204882483   0.927872960728741   0.930124400179982 
        0.001492537         0.001492537         0.001492537         0.001492537 
  0.951491140518357   0.961963185686535   0.963102221729927   0.981325168447282 
        0.001492537         0.001492537         0.001492537         0.001492537 
  0.984513883055119   0.990082527513875   0.993296601721393   0.995885740492142 
        0.001492537         0.001492537         0.001492537         0.001492537 
  0.997697061306242                   1     1.0090982900422    1.02068590767496 
        0.001492537         0.325373134         0.001492537         0.001492537 
   1.02148053405417    1.02945849350606    1.03325382523642    1.06960308314465 
        0.001492537         0.001492537         0.001492537         0.001492537 
   1.08819547048962    1.08924997296512    1.09027871775517    1.09414034748203 
        0.001492537         0.001492537         0.001492537         0.001492537 
   1.11351590750616    1.12149222448829    1.12472424725605    1.13856666559956 
        0.001492537         0.001492537         0.001492537         0.001492537 
    1.1667306013626    1.20407002776533    1.20489494006782     1.2053488011114 
        0.001492537         0.001492537         0.001492537         0.001492537 
   1.22045305519577    1.22206478909715    1.22410110583714    1.26348579980208 
        0.001492537         0.001492537         0.001492537         0.001492537 
   1.27117011444436    1.27780875383136    1.28561572396092    1.32604715440475 
        0.001492537         0.001492537         0.001492537         0.001492537 
   1.33454725337819    1.37896768095646    1.38383715813125    1.41643141362526 
        0.001492537         0.001492537         0.001492537         0.001492537 
   1.42043708000874    1.42232085754515    1.42371597969246     1.4513882461337 
        0.001492537         0.001492537         0.001492537         0.001492537 
   1.45850844020196    1.46423039896574    1.46786879725653    1.47634340902518 
        0.001492537         0.001492537         0.001492537         0.001492537 
   1.51958770443618    1.54848873879749    1.60687231625954    1.60881450440887 
        0.001492537         0.001492537         0.001492537         0.001492537 
   1.64595509618893    1.65350871488745    1.67496198304235    1.68206369263787 
        0.001492537         0.001492537         0.001492537         0.001492537 
   1.69467130156028    1.70806381009797    1.72011788185056    1.76412015454009 
        0.001492537         0.001492537         0.001492537         0.001492537 
   1.76893906355372    1.77216655380966    1.77366043397272    1.78315736807948 
        0.001492537         0.001492537         0.001492537         0.001492537 
   1.79795411074678    1.80798300909067    1.81410075146214    1.83315931155342 
        0.001492537         0.001492537         0.001492537         0.001492537 
   1.83970282545588    1.84497268525078    1.84982023739965    1.85252587804917 
        0.001492537         0.001492537         0.001492537         0.001492537 
   1.89251295103669    1.90457920768856    1.92287174011914    1.93973201922732 
        0.001492537         0.001492537         0.001492537         0.001492537 
   1.93989331918736    1.95405998199767    1.95915314790374    1.96825947647698 
        0.001492537         0.001492537         0.001492537         0.001492537 
   1.97276793387868                   2    2.11534415921353    2.37317654320243 
        0.001492537         0.159701493         0.001492537         0.001492537 
   2.44895323077389    2.78045237372239    2.95189598075524                   3 
        0.001492537         0.001492537         0.001492537         0.059701493 
                  4                   5                   6 
        0.002985075         0.002985075         0.001492537 

  Parameters of node game_score (multinomial distribution)

Conditional probability table:
                   0  0.0081936772943465 0.00909829004219875  0.0108537173110723 
        0.311940299         0.001492537         0.001492537         0.001492537 
 0.0602679807726791  0.0624719381552874  0.0714662094257286  0.0806906179217391 
        0.001492537         0.001492537         0.001492537         0.001492537 
 0.0856432085740128  0.0881954704896205  0.0890598709285378  0.0902787177551679 
        0.001492537         0.001492537         0.001492537         0.001492537 
 0.0926893835855048   0.184088982442167   0.202045889253215   0.204490422535216 
        0.001492537         0.001492537         0.001492537         0.001492537 
  0.235310838219109   0.236504669626851   0.261049298013267    0.26111983602945 
        0.001492537         0.001492537         0.001492537         0.001492537 
  0.267325977791251   0.286441149551586   0.287706549211999   0.301421926148337 
        0.001492537         0.001492537         0.001492537         0.001492537 
    0.3065041759618   0.322793752473878   0.337831136976077   0.350621243999423 
        0.001492537         0.001492537         0.001492537         0.001492537 
  0.363155085579662   0.381162163494829   0.381626211501594   0.390964948786322 
        0.001492537         0.001492537         0.001492537         0.001492537 
  0.394373076986059   0.408019738278384   0.428758665267249   0.462844978761248 
        0.001492537         0.001492537         0.001492537         0.001492537 
  0.464230398965742   0.478869600482065   0.495041263756937   0.506023977948291 
        0.001492537         0.001492537         0.001492537         0.001492537 
  0.537615550662575   0.540932941664726   0.547397226784535    0.55811575440063 
        0.001492537         0.001492537         0.001492537         0.001492537 
    0.5833653006813   0.589326596269195   0.595274077891136   0.597813706927984 
        0.001492537         0.001492537         0.001492537         0.001492537 
  0.604772421465054   0.613646045943648   0.638859094014637   0.652303927315482 
        0.001492537         0.001492537         0.001492537         0.001492537 
  0.669553001268242   0.674868003473435    0.69662838228861   0.698707883086969 
        0.001492537         0.001492537         0.001492537         0.001492537 
  0.701383181945033   0.701986383313694   0.708381585885023    0.71021854000437 
        0.001492537         0.001492537         0.001492537         0.001492537 
  0.717875470070522   0.720445640792586   0.733934398628264   0.739937355793553 
        0.001492537         0.001492537         0.001492537         0.001492537 
  0.743813579727842    0.74449140003598    0.74635308640485   0.753580600897629 
        0.001492537         0.001492537         0.001492537         0.001492537 
  0.764120154540086   0.765069302339608   0.776573410950477   0.777935210902855 
        0.001492537         0.001492537         0.001492537         0.001492537 
   0.79309689402233   0.794231229032821   0.810213372397485   0.821207387387664 
        0.001492537         0.001492537         0.001492537         0.001492537 
  0.832768969869252   0.869655538149812   0.871216975552947   0.872563217150261 
        0.001492537         0.001492537         0.001492537         0.001492537 
  0.910538817169306    0.91657965577671   0.916744204882483   0.920576246495265 
        0.001492537         0.001492537         0.001492537         0.001492537 
  0.922871740119137   0.926410795009493   0.927872960728741   0.937072850190902 
        0.001492537         0.001492537         0.001492537         0.001492537 
  0.993296601721393                   1    1.00553698901622    1.02148053405417 
        0.001492537         0.241791045         0.001492537         0.001492537 
   1.02344333944131    1.03261722779343     1.0382593685029    1.05841929882131 
        0.001492537         0.001492537         0.001492537         0.001492537 
   1.06114268527332    1.10371481400114    1.12020735045055    1.12845410807047 
        0.001492537         0.001492537         0.001492537         0.001492537 
   1.17213786616551    1.17256061820065    1.17367570913861    1.20030654401203 
        0.001492537         0.001492537         0.001492537         0.001492537 
   1.20489494006782    1.20665947948019    1.20905355293872     1.2125026052068 
        0.001492537         0.001492537         0.001492537         0.001492537 
   1.21684263192052    1.29530631611185    1.36072504541759    1.38243392430474 
        0.001492537         0.001492537         0.001492537         0.001492537 
   1.38383715813125    1.38862756604054     1.3972355381313    1.40469889366004 
        0.001492537         0.001492537         0.001492537         0.001492537 
   1.42232085754515    1.42600407718234    1.43119389607239    1.44895323077389 
        0.001492537         0.001492537         0.001492537         0.001492537 
    1.4513882461337    1.45537501351744    1.45850844020196    1.48474794636722 
        0.001492537         0.001492537         0.001492537         0.001492537 
   1.48527075324697    1.49626569116416    1.50686717155433    1.56074611224415 
        0.001492537         0.001492537         0.001492537         0.001492537 
   1.56090474744478    1.59888178996175    1.60687231625954    1.61731441127904 
        0.001492537         0.001492537         0.001492537         0.001492537 
   1.64162782296901    1.64595509618893    1.67496198304235     1.6885005491062 
        0.001492537         0.001492537         0.001492537         0.001492537 
   1.69116089908278    1.72011788185056    1.73817170451259    1.75735222931294 
        0.001492537         0.001492537         0.001492537         0.001492537 
   1.75762345007787    1.77366043397272    1.77448067763798    1.77616296529456 
        0.001492537         0.001492537         0.001492537         0.001492537 
   1.77954694480423    1.80798300909067    1.83970282545588    1.88861751251623 
        0.001492537         0.001492537         0.001492537         0.001492537 
   1.89110048277454    1.89251295103669    1.92392637137307    1.93398276448779 
        0.001492537         0.001492537         0.001492537         0.001492537 
   1.95189598075524    1.95915314790374    1.97276793387868    1.99588574049214 
        0.001492537         0.001492537         0.001492537         0.001492537 
                  2                   3                   4                   5 
        0.167164179         0.035820896         0.011940299         0.001492537 

  Parameters of node op1 (conditional Gaussian distribution)

Conditional density: op1 | op4 + op6 + sv1 + sv2 + score + score_a + score_p + score_d + score_s + estado
Coefficients:
                       0            1
(Intercept)  -0.19987651  -0.21998938
op4           0.06970664   0.25544609
op6           0.05809569  -0.30085267
sv1           0.46754879   0.00000000
sv2           0.20520628   0.09140260
score        -0.14132150   0.03419781
score_a       0.04735274   0.09007749
score_p       0.14691680  -0.17038364
score_d       0.08928230   0.11345285
score_s       0.07200833   0.15264925
Standard deviation of the residuals:
        0          1  
0.4871073  0.3810671  
Discrete parents' configurations:
   estado
0       0
1       1

  Parameters of node op3 (conditional Gaussian distribution)

Conditional density: op3 | op1 + op4 + op6 + sv2 + sv5 + score_s + programa + estado
Coefficients:
                        0             1
(Intercept)  -0.066161561  -0.237899671
op1           0.007130005  -0.422908087
op4           0.141111077   0.168989181
op6           0.122756971   0.108383816
sv2           0.257996426  -0.087548657
sv5           0.276531271   0.283623960
score_s      -0.009540962   0.129274234
programa     -0.030373134   0.074875561
Standard deviation of the residuals:
        0          1  
0.4659419  0.3821178  
Discrete parents' configurations:
   estado
0       0
1       1

  Parameters of node op4 (conditional Gaussian distribution)

Conditional density: op4 | estado
Coefficients:
                     0          1
(Intercept)  0.4597015  0.3492537
Standard deviation of the residuals:
        0          1  
0.4991189  0.4774474  
Discrete parents' configurations:
   estado
0       0
1       1

  Parameters of node op5 (conditional Gaussian distribution)

Conditional density: op5 | op1 + op3 + op4 + op6 + sv5 + score + score_p + score_d + score_s + programa + estado
Coefficients:
                       0            1
(Intercept)  -0.03591634   0.50089476
op1           0.05821180  -0.09257853
op3           0.28123598   0.12309925
op4           0.17477783   0.27924842
op6           0.06016484   0.17065694
sv5           0.28104151  -0.02871812
score        -0.03370227  -0.15708219
score_p       0.04228052   0.13834000
score_d       0.01537605   0.10791725
score_s       0.04001123   0.06126281
programa     -0.02124135  -0.07159815
Standard deviation of the residuals:
        0          1  
0.4336963  0.2479789  
Discrete parents' configurations:
   estado
0       0
1       1

  Parameters of node op6 (Gaussian distribution)

Conditional density: op6 | sv2 + sv5 + score_p
Coefficients:
(Intercept)          sv2          sv5      score_p  
 -0.2066318    0.3435064    0.1945183    0.0470845  
Standard deviation of the residuals: 0.4689865 

  Parameters of node sv1 (Gaussian distribution)

Conditional density: sv1 | programa
Coefficients:
 (Intercept)      programa  
 1.026198809  -0.009872618  
Standard deviation of the residuals: 0.1013935 

  Parameters of node sv2 (conditional Gaussian distribution)

Conditional density: sv2 | sv1 + programa + estado
Coefficients:
                        0             1
(Intercept)   0.581994592   1.090293831
sv1           0.384659356   0.000000000
programa     -0.002311317  -0.058626932
Standard deviation of the residuals:
        0          1  
0.2133711  0.3075093  
Discrete parents' configurations:
   estado
0       0
1       1

  Parameters of node sv3 (conditional Gaussian distribution)

Conditional density: sv3 | op1 + op4 + op5 + op6 + sv2 + sv5 + score_s + programa + estado
Coefficients:
                       0            1
(Intercept)  -0.04577880  -0.26723335
op1          -0.01207631  -0.37673304
op4           0.07590693   0.09111041
op5           0.29557283   0.25365839
op6           0.09437870   0.06223923
sv2           0.23441325  -0.07133409
sv5           0.17011643   0.27588967
score_s      -0.01334718   0.12069465
programa     -0.02048442   0.08380191
Standard deviation of the residuals:
        0          1  
0.4471169  0.3766050  
Discrete parents' configurations:
   estado
0       0
1       1

  Parameters of node sv5 (conditional Gaussian distribution)

Conditional density: sv5 | op4 + sv1 + sv2 + score_a + score_p + programa + estado
Coefficients:
                        0             1
(Intercept)  -0.003209525  -0.012506643
op4           0.083519536   0.182910932
sv1           0.305213440   0.000000000
sv2           0.370283734   0.228489338
score_a       0.011756404  -0.064991095
score_p       0.015681138   0.169990921
programa      0.021106519   0.089086705
Standard deviation of the residuals:
        0          1  
0.3128248  0.3736507  
Discrete parents' configurations:
   estado
0       0
1       1

  Parameters of node score (conditional Gaussian distribution)

Conditional density: score | op4 + estado
Coefficients:
                      0           1
(Intercept)   7.1049724   6.1926606
op4           0.1612614  -0.6114640
Standard deviation of the residuals:
       0         1  
2.148461  1.633349  
Discrete parents' configurations:
   estado
0       0
1       1

  Parameters of node score_a (conditional Gaussian distribution)

Conditional density: score_a | score + estado
Coefficients:
                      0           1
(Intercept)  -0.1346165   0.5051148
score         0.6391254   0.5206123
Standard deviation of the residuals:
        0          1  
0.7150811  0.6165657  
Discrete parents' configurations:
   estado
0       0
1       1

  Parameters of node score_p (conditional Gaussian distribution)

Conditional density: score_p | op4 + score + score_a + estado
Coefficients:
                      0           1
(Intercept)  -0.3124177  -0.4295629
op4           0.1188934   0.1825082
score         0.9383937   0.8068745
score_a      -0.7208354  -0.5112372
Standard deviation of the residuals:
        0          1  
0.6487940  0.5952036  
Discrete parents' configurations:
   estado
0       0
1       1

  Parameters of node score_d (conditional Gaussian distribution)

Conditional density: score_d | score + score_a + score_p + estado
Coefficients:
                       0            1
(Intercept)  -0.32291446  -0.56645202
score         0.86397875   0.65841513
score_a      -0.25176277  -0.09103212
score_p      -0.77996574  -0.51797843
Standard deviation of the residuals:
        0          1  
0.5609630  0.4929013  
Discrete parents' configurations:
   estado
0       0
1       1

  Parameters of node score_s (conditional Gaussian distribution)

Conditional density: score_s | op4 + op6 + sv2 + sv5 + score + score_a + score_p + score_d + programa + estado
Coefficients:
                        0             1
(Intercept)   0.284774440   0.109314828
op4           0.164197146   0.066429395
op6          -0.032623823  -0.336449705
sv2          -0.004890303   0.718883548
sv5           0.118685420   0.210363527
score         0.694254486   0.225230087
score_a      -0.325228095  -0.051677635
score_p      -0.548311967  -0.062311276
score_d       0.071667335   0.432483356
programa     -0.029347744  -0.151617991
Standard deviation of the residuals:
        0          1  
0.5633865  0.5271036  
Discrete parents' configurations:
   estado
0       0
1       1

  Parameters of node programa (conditional Gaussian distribution)

Conditional density: programa | op4 + score + score_p + score_d + estado
Coefficients:
                       0            1
(Intercept)   4.43156109   4.09589418
op4           0.03876065   0.41812398
score         0.10596074  -0.35448186
score_p      -0.26154539   0.26972156
score_d      -0.13781821   0.32375522
Standard deviation of the residuals:
        0          1  
0.9580214  0.7326515  
Discrete parents' configurations:
   estado
0       0
1       1

  Parameters of node sol1 (multinomial distribution)

Conditional probability table:
                   0 0.00411425950785826   0.213030179127165    0.29888147311857 
        0.064179104         0.001492537         0.001492537         0.001492537 
  0.308513039523452   0.347351418277226   0.401118210038254   0.493132828445672 
        0.001492537         0.001492537         0.001492537         0.001492537 
  0.503734308835844   0.507743058472441   0.576284020307539   0.747995014206179 
        0.001492537         0.001492537         0.001492537         0.001492537 
  0.777657770686942   0.787497394793197   0.793340520519814   0.798756091292039 
        0.001492537         0.001492537         0.001492537         0.001492537 
   0.85425425074969   0.914172955378495   0.941243352876437   0.946018678507405 
        0.001492537         0.001492537         0.001492537         0.001492537 
                  1    1.00229396139511    1.08468045777745    1.17749516667947 
        0.004477612         0.001492537         0.001492537         0.001492537 
   1.58232063991104    1.63134720871512    1.63810126955958    1.81278500214574 
        0.001492537         0.001492537         0.001492537         0.001492537 
   1.82136352650692    1.92580493975173    1.98207563965023                   2 
        0.001492537         0.001492537         0.001492537         0.001492537 
   2.16135794839931    2.18568273560484    2.43895115290055    2.82710515364103 
        0.001492537         0.001492537         0.001492537         0.001492537 
                  3    3.28482954955066    3.33107587947701    3.48486790221179 
        0.002985075         0.001492537         0.001492537         0.001492537 
   3.69467130156028                   4    4.12096150481647    4.13587425204926 
        0.001492537         0.037313433         0.001492537         0.001492537 
   4.15643823182768    4.16059938277691    4.18408898244217    4.18519179308808 
        0.001492537         0.001492537         0.001492537         0.001492537 
   4.20449042253522    4.22383703470544    4.25759591824024    4.26732597779125 
        0.001492537         0.001492537         0.001492537         0.001492537 
   4.27334423492558    4.33044699873176    4.35731145751569    4.42875866526725 
        0.001492537         0.001492537         0.001492537         0.001492537 
   4.48996364112518    4.49957523352638    4.50602397794829    4.53717317995923 
        0.001492537         0.001492537         0.001492537         0.001492537 
   4.57694592509423    4.62070931793301    4.63885909401464    4.70469368388815 
        0.001492537         0.001492537         0.001492537         0.001492537 
     4.712293450788    4.73895070198673    4.74449140003598    4.76454864019012 
        0.001492537         0.001492537         0.001492537         0.001492537 
   4.83286282725052    4.91511678448893    4.93930358957435    4.97655666055869 
        0.001492537         0.001492537         0.001492537         0.001492537 
                  5    5.02068590767496    5.02325220802178    5.02405200962238 
        0.041791045         0.001492537         0.001492537         0.001492537 
   5.03325382523642    5.08049324672141    5.09370790723293    5.09414034748203 
        0.001492537         0.001492537         0.001492537         0.001492537 
   5.11069333481022    5.11886123769803    5.13856666559956    5.16685985813332 
        0.001492537         0.001492537         0.001492537         0.001492537 
   5.21417776632659    5.21954762627761    5.23544921055519    5.24641939910237 
        0.001492537         0.001492537         0.001492537         0.001492537 
   5.27826170842159    5.32604715440475    5.34769607268452     5.3578083196464 
        0.001492537         0.001492537         0.001492537         0.001492537 
   5.36412738527573    5.41810710587744    5.42830869898463    5.46238444933743 
        0.001492537         0.001492537         0.001492537         0.001492537 
   5.48475001896715     5.5161727529719    5.53576960103426    5.59530110633996 
        0.001492537         0.001492537         0.001492537         0.001492537 
   5.60121879367901    5.61364604594365    5.62682345679757    5.65350871488745 
        0.001492537         0.001492537         0.001492537         0.001492537 
   5.69857807385166    5.70806381009797    5.76893906355372    5.77594078516485 
        0.001492537         0.001492537         0.001492537         0.001492537 
   5.81410075146214    5.84982023739965    5.85252587804917    5.90972128224483 
        0.001492537         0.001492537         0.001492537         0.001492537 
   5.91180452951038    5.92853379057427    5.93651895295396    5.93989331918736 
        0.001492537         0.001492537         0.001492537         0.001492537 
   5.95405998199767     5.9909017099578                   6    6.01107397803244 
        0.001492537         0.001492537         0.083582090         0.001492537 
   6.05207477291755    6.05841929882131    6.09010334292769    6.12845410807047 
        0.001492537         0.001492537         0.001492537         0.001492537 
   6.14781151560261    6.18080394231804      6.205853669054    6.22575563060126 
        0.001492537         0.001492537         0.001492537         0.001492537 
   6.24020614778191    6.33194576777445    6.38862756604054    6.42600407718234 
        0.001492537         0.001492537         0.001492537         0.001492537 
   6.45526689349201    6.54732086794543    6.54950540508781    6.60562692301394 
        0.001492537         0.001492537         0.001492537         0.001492537 
   6.60613766775965    6.62103231904354    6.62214176993853    6.66545274662181 
        0.001492537         0.001492537         0.001492537         0.001492537 
   6.67120741214688    6.68031102567582    6.71438427603908    6.71559694803619 
        0.001492537         0.001492537         0.001492537         0.001492537 
   6.72749408295688    6.73282038721439    6.86024880035996    6.93733821139725 
        0.001492537         0.001492537         0.001492537         0.001492537 
    6.9669913822439    6.97839446659993     6.9817982784259                   7 
        0.001492537         0.001492537         0.001492537         0.082089552 
   7.03622940818443    7.04850885948164    7.05446413224265    7.08169370419252 
        0.001492537         0.001492537         0.001492537         0.001492537 
   7.22276497496754     7.2307740911916    7.25870614472209    7.27661052769342 
        0.001492537         0.001492537         0.001492537         0.001492537 
   7.28325564593802     7.2900510234361    7.31119403767312    7.32059434908825 
        0.001492537         0.001492537         0.001492537         0.001492537 
   7.32344203291393    7.35419079294251    7.35515391510869    7.38403398181866 
        0.001492537         0.001492537         0.001492537         0.001492537 
   7.41885685213169    7.46034556899432    7.48433125260096    7.48475309984425 
        0.001492537         0.001492537         0.001492537         0.001492537 
   7.51258103120217    7.55976423629888     7.6500760339153    7.67566227395215 
        0.001492537         0.001492537         0.001492537         0.001492537 
    7.7413035906457    7.76325242300319     7.7702954941963    7.77526227031251 
        0.001492537         0.001492537         0.001492537         0.001492537 
   7.78220096554908    7.80728652289206    7.83111163849525     7.8415425334706 
        0.001492537         0.001492537         0.001492537         0.001492537 
   7.84288756391191    7.87771738137848    7.88588955705961    7.88686880111146 
        0.001492537         0.001492537         0.001492537         0.001492537 
   7.99283010256838                   8    8.03050410726557    8.27854990916482 
        0.001492537         0.168656716         0.001492537         0.001492537 
   8.33380563270856    8.38268558872096    8.59781370692798     8.6548787635987 
        0.001492537         0.001492537         0.001492537         0.001492537 
   8.70198638331369    8.74512643430052    8.79969345598797    8.87771462945337 
        0.001492537         0.001492537         0.001492537         0.001492537 
   8.95703893189165    8.99329660172139                   9 
        0.001492537         0.001492537         0.225373134 

  Parameters of node estado (multinomial distribution)

Conditional probability table:
 
      sol1
estado          0 0.00411425950785826 0.213030179127165 0.29888147311857
     0 0.00000000          0.00000000        0.00000000       0.00000000
     1 1.00000000          1.00000000        1.00000000       1.00000000
      sol1
estado 0.308513039523452 0.347351418277226 0.401118210038254 0.493132828445672
     0        0.00000000        0.00000000        0.00000000        0.00000000
     1        1.00000000        1.00000000        1.00000000        1.00000000
      sol1
estado 0.503734308835844 0.507743058472441 0.576284020307539 0.747995014206179
     0        0.00000000        0.00000000        0.00000000        0.00000000
     1        1.00000000        1.00000000        1.00000000        1.00000000
      sol1
estado 0.777657770686942 0.787497394793197 0.793340520519814 0.798756091292039
     0        0.00000000        0.00000000        0.00000000        0.00000000
     1        1.00000000        1.00000000        1.00000000        1.00000000
      sol1
estado 0.85425425074969 0.914172955378495 0.941243352876437 0.946018678507405
     0       0.00000000        0.00000000        0.00000000        0.00000000
     1       1.00000000        1.00000000        1.00000000        1.00000000
      sol1
estado          1 1.00229396139511 1.08468045777745 1.17749516667947
     0 0.66666667       0.00000000       0.00000000       0.00000000
     1 0.33333333       1.00000000       1.00000000       1.00000000
      sol1
estado 1.58232063991104 1.63134720871512 1.63810126955958 1.81278500214574
     0       0.00000000       0.00000000       0.00000000       0.00000000
     1       1.00000000       1.00000000       1.00000000       1.00000000
      sol1
estado 1.82136352650692 1.92580493975173 1.98207563965023          2
     0       0.00000000       0.00000000       0.00000000 0.00000000
     1       1.00000000       1.00000000       1.00000000 1.00000000
      sol1
estado 2.16135794839931 2.18568273560484 2.43895115290055 2.82710515364103
     0       0.00000000       0.00000000       0.00000000       0.00000000
     1       1.00000000       1.00000000       1.00000000       1.00000000
      sol1
estado          3 3.28482954955066 3.33107587947701 3.48486790221179
     0 1.00000000       0.00000000       0.00000000       0.00000000
     1 0.00000000       1.00000000       1.00000000       1.00000000
      sol1
estado 3.69467130156028          4 4.12096150481647 4.13587425204926
     0       0.00000000 0.24000000       0.00000000       0.00000000
     1       1.00000000 0.76000000       1.00000000       1.00000000
      sol1
estado 4.15643823182768 4.16059938277691 4.18408898244217 4.18519179308808
     0       0.00000000       0.00000000       0.00000000       0.00000000
     1       1.00000000       1.00000000       1.00000000       1.00000000
      sol1
estado 4.20449042253522 4.22383703470544 4.25759591824024 4.26732597779125
     0       0.00000000       0.00000000       0.00000000       0.00000000
     1       1.00000000       1.00000000       1.00000000       1.00000000
      sol1
estado 4.27334423492558 4.33044699873176 4.35731145751569 4.42875866526725
     0       0.00000000       0.00000000       0.00000000       0.00000000
     1       1.00000000       1.00000000       1.00000000       1.00000000
      sol1
estado 4.48996364112518 4.49957523352638 4.50602397794829 4.53717317995923
     0       0.00000000       0.00000000       0.00000000       0.00000000
     1       1.00000000       1.00000000       1.00000000       1.00000000
      sol1
estado 4.57694592509423 4.62070931793301 4.63885909401464 4.70469368388815
     0       0.00000000       0.00000000       0.00000000       0.00000000
     1       1.00000000       1.00000000       1.00000000       1.00000000
      sol1
estado 4.712293450788 4.73895070198673 4.74449140003598 4.76454864019012
     0     0.00000000       0.00000000       0.00000000       0.00000000
     1     1.00000000       1.00000000       1.00000000       1.00000000
      sol1
estado 4.83286282725052 4.91511678448893 4.93930358957435 4.97655666055869
     0       0.00000000       0.00000000       0.00000000       0.00000000
     1       1.00000000       1.00000000       1.00000000       1.00000000
      sol1
estado          5 5.02068590767496 5.02325220802178 5.02405200962238
     0 0.42857143       0.00000000       0.00000000       0.00000000
     1 0.57142857       1.00000000       1.00000000       1.00000000
      sol1
estado 5.03325382523642 5.08049324672141 5.09370790723293 5.09414034748203
     0       0.00000000       0.00000000       0.00000000       0.00000000
     1       1.00000000       1.00000000       1.00000000       1.00000000
      sol1
estado 5.11069333481022 5.11886123769803 5.13856666559956 5.16685985813332
     0       0.00000000       0.00000000       0.00000000       0.00000000
     1       1.00000000       1.00000000       1.00000000       1.00000000
      sol1
estado 5.21417776632659 5.21954762627761 5.23544921055519 5.24641939910237
     0       0.00000000       0.00000000       0.00000000       0.00000000
     1       1.00000000       1.00000000       1.00000000       1.00000000
      sol1
estado 5.27826170842159 5.32604715440475 5.34769607268452 5.3578083196464
     0       0.00000000       0.00000000       0.00000000      0.00000000
     1       1.00000000       1.00000000       1.00000000      1.00000000
      sol1
estado 5.36412738527573 5.41810710587744 5.42830869898463 5.46238444933743
     0       0.00000000       0.00000000       0.00000000       0.00000000
     1       1.00000000       1.00000000       1.00000000       1.00000000
      sol1
estado 5.48475001896715 5.5161727529719 5.53576960103426 5.59530110633996
     0       0.00000000      0.00000000       0.00000000       0.00000000
     1       1.00000000      1.00000000       1.00000000       1.00000000
      sol1
estado 5.60121879367901 5.61364604594365 5.62682345679757 5.65350871488745
     0       0.00000000       0.00000000       0.00000000       0.00000000
     1       1.00000000       1.00000000       1.00000000       1.00000000
      sol1
estado 5.69857807385166 5.70806381009797 5.76893906355372 5.77594078516485
     0       0.00000000       0.00000000       0.00000000       0.00000000
     1       1.00000000       1.00000000       1.00000000       1.00000000
      sol1
estado 5.81410075146214 5.84982023739965 5.85252587804917 5.90972128224483
     0       0.00000000       0.00000000       0.00000000       0.00000000
     1       1.00000000       1.00000000       1.00000000       1.00000000
      sol1
estado 5.91180452951038 5.92853379057427 5.93651895295396 5.93989331918736
     0       0.00000000       0.00000000       0.00000000       0.00000000
     1       1.00000000       1.00000000       1.00000000       1.00000000
      sol1
estado 5.95405998199767 5.9909017099578          6 6.01107397803244
     0       0.00000000      0.00000000 0.55357143       0.00000000
     1       1.00000000      1.00000000 0.44642857       1.00000000
      sol1
estado 6.05207477291755 6.05841929882131 6.09010334292769 6.12845410807047
     0       0.00000000       0.00000000       0.00000000       0.00000000
     1       1.00000000       1.00000000       1.00000000       1.00000000
      sol1
estado 6.14781151560261 6.18080394231804 6.205853669054 6.22575563060126
     0       0.00000000       0.00000000     0.00000000       0.00000000
     1       1.00000000       1.00000000     1.00000000       1.00000000
      sol1
estado 6.24020614778191 6.33194576777445 6.38862756604054 6.42600407718234
     0       0.00000000       0.00000000       0.00000000       0.00000000
     1       1.00000000       1.00000000       1.00000000       1.00000000
      sol1
estado 6.45526689349201 6.54732086794543 6.54950540508781 6.60562692301394
     0       0.00000000       0.00000000       0.00000000       0.00000000
     1       1.00000000       1.00000000       1.00000000       1.00000000
      sol1
estado 6.60613766775965 6.62103231904354 6.62214176993853 6.66545274662181
     0       0.00000000       0.00000000       0.00000000       0.00000000
     1       1.00000000       1.00000000       1.00000000       1.00000000
      sol1
estado 6.67120741214688 6.68031102567582 6.71438427603908 6.71559694803619
     0       0.00000000       0.00000000       0.00000000       0.00000000
     1       1.00000000       1.00000000       1.00000000       1.00000000
      sol1
estado 6.72749408295688 6.73282038721439 6.86024880035996 6.93733821139725
     0       0.00000000       0.00000000       0.00000000       0.00000000
     1       1.00000000       1.00000000       1.00000000       1.00000000
      sol1
estado 6.9669913822439 6.97839446659993 6.9817982784259          7
     0      0.00000000       0.00000000      0.00000000 0.89090909
     1      1.00000000       1.00000000      1.00000000 0.10909091
      sol1
estado 7.03622940818443 7.04850885948164 7.05446413224265 7.08169370419252
     0       0.00000000       0.00000000       0.00000000       0.00000000
     1       1.00000000       1.00000000       1.00000000       1.00000000
      sol1
estado 7.22276497496754 7.2307740911916 7.25870614472209 7.27661052769342
     0       0.00000000      0.00000000       0.00000000       0.00000000
     1       1.00000000      1.00000000       1.00000000       1.00000000
      sol1
estado 7.28325564593802 7.2900510234361 7.31119403767312 7.32059434908825
     0       0.00000000      0.00000000       0.00000000       0.00000000
     1       1.00000000      1.00000000       1.00000000       1.00000000
      sol1
estado 7.32344203291393 7.35419079294251 7.35515391510869 7.38403398181866
     0       0.00000000       0.00000000       0.00000000       0.00000000
     1       1.00000000       1.00000000       1.00000000       1.00000000
      sol1
estado 7.41885685213169 7.46034556899432 7.48433125260096 7.48475309984425
     0       0.00000000       0.00000000       0.00000000       0.00000000
     1       1.00000000       1.00000000       1.00000000       1.00000000
      sol1
estado 7.51258103120217 7.55976423629888 7.6500760339153 7.67566227395215
     0       0.00000000       0.00000000      0.00000000       0.00000000
     1       1.00000000       1.00000000      1.00000000       1.00000000
      sol1
estado 7.7413035906457 7.76325242300319 7.7702954941963 7.77526227031251
     0      0.00000000       0.00000000      0.00000000       0.00000000
     1      1.00000000       1.00000000      1.00000000       1.00000000
      sol1
estado 7.78220096554908 7.80728652289206 7.83111163849525 7.8415425334706
     0       0.00000000       0.00000000       0.00000000      0.00000000
     1       1.00000000       1.00000000       1.00000000      1.00000000
      sol1
estado 7.84288756391191 7.87771738137848 7.88588955705961 7.88686880111146
     0       0.00000000       0.00000000       0.00000000       0.00000000
     1       1.00000000       1.00000000       1.00000000       1.00000000
      sol1
estado 7.99283010256838          8 8.03050410726557 8.27854990916482
     0       0.00000000 0.76106195       0.00000000       0.00000000
     1       1.00000000 0.23893805       1.00000000       1.00000000
      sol1
estado 8.33380563270856 8.38268558872096 8.59781370692798 8.6548787635987
     0       0.00000000       0.00000000       0.00000000      0.00000000
     1       1.00000000       1.00000000       1.00000000      1.00000000
      sol1
estado 8.70198638331369 8.74512643430052 8.79969345598797 8.87771462945337
     0       0.00000000       0.00000000       0.00000000       0.00000000
     1       1.00000000       1.00000000       1.00000000       1.00000000
      sol1
estado 8.95703893189165 8.99329660172139          9
     0       0.00000000       0.00000000 0.97350993
     1       1.00000000       1.00000000 0.02649007

