
  Bayesian network parameters

  Parameters of node tt (multinomial distribution)

Conditional probability table:
                   0 0.00265726084357332  0.0168144374921396  0.0199662810025354 
        0.308383234         0.001497006         0.001497006         0.001497006 
 0.0303376349399526  0.0353760033307126  0.0395383211230776  0.0422664559260764 
        0.001497006         0.001497006         0.001497006         0.001497006 
 0.0520991663066449  0.0617447761841233  0.0663650573935286  0.0724111164486713 
        0.001497006         0.001497006         0.001497006         0.001497006 
 0.0789533317188478  0.0937365346549887  0.0943213171653758   0.105404232151257 
        0.001497006         0.001497006         0.001497006         0.001497006 
  0.126635155092358   0.127622402702718    0.12809080588716   0.135764727423639 
        0.001497006         0.001497006         0.001497006         0.001497006 
  0.143400234452274   0.147959641655388   0.153301857787767   0.176789836450479 
        0.001497006         0.001497006         0.001497006         0.001497006 
   0.18373558643827   0.189853316653056   0.191821320927562   0.192619549345908 
        0.001497006         0.001497006         0.001497006         0.001497006 
  0.207293987012818   0.237211146957696   0.239530281428807   0.260376380891529 
        0.001497006         0.001497006         0.001497006         0.001497006 
  0.260484558635584    0.26620494633304   0.272273101849342   0.279700330238433 
        0.001497006         0.001497006         0.001497006         0.001497006 
  0.295112487614609   0.324019735552343   0.325384239048434   0.336481086266722 
        0.001497006         0.001497006         0.001497006         0.001497006 
  0.344447868467295   0.346537507931339   0.349648417621236    0.35746677135374 
        0.001497006         0.001497006         0.001497006         0.001497006 
  0.360607562332743   0.368751284619861   0.370446484034217   0.403842695131137 
        0.001497006         0.001497006         0.001497006         0.001497006 
  0.422302046861798   0.436884313600613   0.451765244585268   0.452715088491197 
        0.001497006         0.001497006         0.001497006         0.001497006 
   0.45901084679323   0.463297599892857   0.480912053734105   0.488995950020417 
        0.001497006         0.001497006         0.001497006         0.001497006 
  0.496811746658344   0.504993939587735   0.505085456615629   0.507138106531947 
        0.001497006         0.001497006         0.001497006         0.001497006 
  0.514562023740417   0.518830990454582   0.532183085357719   0.543489153530837 
        0.001497006         0.001497006         0.001497006         0.001497006 
  0.544509846867804   0.548662001644051   0.563539681352651   0.592756468762479 
        0.001497006         0.001497006         0.001497006         0.001497006 
  0.595256496641902   0.601961003124437   0.615045121317812   0.617119808562503 
        0.001497006         0.001497006         0.001497006         0.001497006 
  0.621614395146606   0.623141743089821   0.634189750377921   0.643113208408639 
        0.001497006         0.001497006         0.001497006         0.001497006 
  0.661324425798334   0.663193148944309   0.667269295199785   0.691073400190184 
        0.001497006         0.001497006         0.001497006         0.001497006 
  0.708512999059677   0.730719852392902   0.781542491982768   0.820781644818328 
        0.001497006         0.001497006         0.001497006         0.001497006 
  0.843656040271772   0.845941049700926   0.847456433568039   0.850787643806788 
        0.001497006         0.001497006         0.001497006         0.001497006 
  0.851793003059839   0.857240556964074   0.860204233567599   0.867552096392729 
        0.001497006         0.001497006         0.001497006         0.001497006 
  0.893343288232847   0.899967773017256   0.919084644218697   0.920473836446273 
        0.001497006         0.001497006         0.001497006         0.001497006 
  0.934845176499717   0.936812367224324   0.939693316737096   0.940669940558694 
        0.001497006         0.001497006         0.001497006         0.001497006 
  0.945422885540174   0.945856754841587   0.950746521601098   0.952368642943417 
        0.001497006         0.001497006         0.001497006         0.001497006 
  0.956760412376641   0.963642132754798   0.964529818376556    0.98751047153082 
        0.001497006         0.001497006         0.001497006         0.001497006 
  0.994685708374369   0.995174044034743   0.999307946527023                   1 
        0.001497006         0.001497006         0.001497006         0.211077844 
   1.00155850117507    1.01036837581358    1.03366519398297    1.06045567416717 
        0.001497006         0.001497006         0.001497006         0.001497006 
   1.07110209143047    1.10204308032162    1.12474983344835    1.14610254734641 
        0.001497006         0.001497006         0.001497006         0.001497006 
    1.1648118875498     1.1662010921785    1.18591591703442    1.21620458065684 
        0.001497006         0.001497006         0.001497006         0.001497006 
   1.24686328388381    1.25086142667788    1.30320793843756    1.31490542565294 
        0.001497006         0.001497006         0.001497006         0.001497006 
   1.31674542599185    1.32429477253208      1.353910469622    1.37286253465845 
        0.001497006         0.001497006         0.001497006         0.001497006 
   1.38794257558727    1.39186580358434    1.39995208843001    1.41646211950674 
        0.001497006         0.001497006         0.001497006         0.001497006 
   1.41650018384814      1.422186342154    1.42283647208122    1.42822749105095 
        0.001497006         0.001497006         0.001497006         0.001497006 
    1.4408824633739    1.45736623516667    1.46839637433354    1.48361652670452 
        0.001497006         0.001497006         0.001497006         0.001497006 
   1.50343469771255    1.51050754257806    1.51336552059053    1.51591176434476 
        0.001497006         0.001497006         0.001497006         0.001497006 
   1.51862111637312    1.52850544410389    1.57414205043846    1.57453858853915 
        0.001497006         0.001497006         0.001497006         0.001497006 
   1.58892681336833    1.60346219773626    1.62545712864048    1.63589472682822 
        0.001497006         0.001497006         0.001497006         0.001497006 
   1.63836131950559    1.64601191520958    1.66053729942151    1.66283589593663 
        0.001497006         0.001497006         0.001497006         0.001497006 
   1.70420786458572    1.71291210494304    1.72602034369208     1.7739337631574 
        0.001497006         0.001497006         0.001497006         0.001497006 
   1.77777704153809    1.79232017209048    1.80544181309777    1.83649048134044 
        0.001497006         0.001497006         0.001497006         0.001497006 
   1.84068626510633    1.85675433053446    1.85741371430841    1.85918082775006 
        0.001497006         0.001497006         0.001497006         0.001497006 
   1.89943019534291    1.94413055873728    1.96070322296198    1.97157873861477 
        0.001497006         0.001497006         0.001497006         0.001497006 
   1.97214711312272    1.99688002468276    1.99819012631393                   2 
        0.001497006         0.001497006         0.001497006         0.149700599 
   2.09257352675056    2.14887947390871    2.17362030878494    2.37715489374255 
        0.001497006         0.001497006         0.001497006         0.001497006 
   2.65745957041943    2.69726004041814    2.73662653206171    2.94189200295211 
        0.001497006         0.001497006         0.001497006         0.001497006 
   2.97945428077497                   3                   4                   5 
        0.001497006         0.040419162         0.008982036         0.002994012 

  Parameters of node pt (multinomial distribution)

Conditional probability table:
 
                    estado
pt                             0           1
  0                  0.329341317 0.101796407
  0.0168144374921396 0.000000000 0.002994012
  0.029053998523943  0.000000000 0.002994012
  0.0303376349399526 0.000000000 0.002994012
  0.0363578672452022 0.000000000 0.002994012
  0.0631876327756762 0.000000000 0.002994012
  0.0639543356555511 0.000000000 0.002994012
  0.0692959776283818 0.000000000 0.002994012
  0.0766011553082958 0.000000000 0.002994012
  0.103427059753536  0.000000000 0.002994012
  0.106473372536941  0.000000000 0.002994012
  0.127213873228413  0.000000000 0.002994012
  0.12809080588716   0.000000000 0.002994012
  0.147896067707141  0.000000000 0.002994012
  0.171183245937072  0.000000000 0.002994012
  0.180100113526742  0.000000000 0.002994012
  0.201139609314189  0.000000000 0.002994012
  0.207615035419149  0.000000000 0.002994012
  0.211511830141189  0.000000000 0.002994012
  0.212730705730427  0.000000000 0.002994012
  0.222222958461909  0.000000000 0.002994012
  0.222726238726348  0.000000000 0.002994012
  0.226357544245599  0.000000000 0.002994012
  0.230160883808594  0.000000000 0.002994012
  0.274916531847182  0.000000000 0.002994012
  0.302475491083147  0.000000000 0.002994012
  0.318675995426681  0.000000000 0.002994012
  0.320706479441317  0.000000000 0.002994012
  0.339462700578487  0.000000000 0.002994012
  0.345536700095092  0.000000000 0.002994012
  0.359240384413741  0.000000000 0.002994012
  0.375833219977329  0.000000000 0.002994012
  0.391826214393603  0.000000000 0.002994012
  0.411073186631665  0.000000000 0.002994012
  0.422970524850463  0.000000000 0.002994012
  0.435712385602278  0.000000000 0.002994012
  0.436014915686297  0.000000000 0.002994012
  0.453188266645887  0.000000000 0.002994012
  0.45482181123578   0.000000000 0.002994012
  0.472928377420794  0.000000000 0.002994012
  0.475373260800549  0.000000000 0.002994012
  0.488995950020417  0.000000000 0.002994012
  0.489779998113916  0.000000000 0.002994012
  0.490498185298703  0.000000000 0.002994012
  0.492861893468053  0.000000000 0.002994012
  0.502657145812816  0.000000000 0.002994012
  0.516832596991483  0.000000000 0.002994012
  0.529665029720653  0.000000000 0.002994012
  0.542633764833328  0.000000000 0.002994012
  0.559117536626095  0.000000000 0.002994012
  0.571772508949046  0.000000000 0.002994012
  0.589843846432868  0.000000000 0.002994012
  0.608102290328419  0.000000000 0.002994012
  0.645743500470162  0.000000000 0.002994012
  0.662835895936629  0.000000000 0.002994012
  0.67231360663963   0.000000000 0.002994012
  0.676955234810999  0.000000000 0.002994012
  0.685094574347061  0.000000000 0.002994012
  0.686768894420968  0.000000000 0.002994012
  0.712912104943039  0.000000000 0.002994012
  0.723277360988819  0.000000000 0.002994012
  0.732923156205537  0.000000000 0.002994012
  0.738993774001638  0.000000000 0.002994012
  0.747188590462135  0.000000000 0.002994012
  0.759310558186562  0.000000000 0.002994012
  0.760469718571193  0.000000000 0.002994012
  0.773933763157398  0.000000000 0.002994012
  0.778935617018564  0.000000000 0.002994012
  0.781557843199693  0.000000000 0.002994012
  0.787785996863797  0.000000000 0.002994012
  0.788790865658321  0.000000000 0.002994012
  0.788848976569101  0.000000000 0.002994012
  0.79356151768166   0.000000000 0.002994012
  0.798078652434431  0.000000000 0.002994012
  0.805441813097775  0.000000000 0.002994012
  0.80588951007215   0.000000000 0.002994012
  0.80949948262966   0.000000000 0.002994012
  0.825175791189382  0.000000000 0.002994012
  0.826379691215063  0.000000000 0.002994012
  0.828442592745141  0.000000000 0.002994012
  0.83951588098388   0.000000000 0.002994012
  0.840054679472201  0.000000000 0.002994012
  0.842484919262184  0.000000000 0.002994012
  0.843202678056731  0.000000000 0.002994012
  0.852040358344612  0.000000000 0.002994012
  0.857413714308413  0.000000000 0.002994012
  0.860149834880784  0.000000000 0.002994012
  0.863010171846041  0.000000000 0.002994012
  0.876346200036339  0.000000000 0.002994012
  0.887563341772459  0.000000000 0.002994012
  0.892881878860058  0.000000000 0.002994012
  0.939579854617479  0.000000000 0.002994012
  0.943452420313813  0.000000000 0.002994012
  0.944130558737282  0.000000000 0.002994012
  0.952839341417312  0.000000000 0.002994012
  0.964623996669287  0.000000000 0.002994012
  0.966817471303236  0.000000000 0.002994012
  0.968915965009539  0.000000000 0.002994012
  0.989631624186418  0.000000000 0.002994012
  0.998441498824931  0.000000000 0.002994012
  0.999095063156966  0.000000000 0.002994012
  0.999307946527023  0.000000000 0.002994012
  1                  0.320359281 0.305389222
  1.01248952846918   0.000000000 0.002994012
  1.04763135705658   0.000000000 0.002994012
  1.05982730926255   0.000000000 0.002994012
  1.13069539810123   0.000000000 0.002994012
  1.13674165255202   0.000000000 0.002994012
  1.17678983645048   0.000000000 0.002994012
  1.17921835518167   0.000000000 0.002994012
  1.18729776227261   0.000000000 0.002994012
  1.19182132092756   0.000000000 0.002994012
  1.23214809245967   0.000000000 0.002994012
  1.23985817431237   0.000000000 0.002994012
  1.25327031018472   0.000000000 0.002994012
  1.27101597534666   0.000000000 0.002994012
  1.29232570686001   0.000000000 0.002994012
  1.30660371557553   0.000000000 0.002994012
  1.30692498413732   0.000000000 0.002994012
  1.36470935059941   0.000000000 0.002994012
  1.36875128461986   0.000000000 0.002994012
  1.37286253465845   0.000000000 0.002994012
  1.39743788589474   0.000000000 0.002994012
  1.39995208843001   0.000000000 0.002994012
  1.40724353123752   0.000000000 0.002994012
  1.42212956517311   0.000000000 0.002994012
  1.422186342154     0.000000000 0.002994012
  1.47406984643668   0.000000000 0.002994012
  1.49496454999873   0.000000000 0.002994012
  1.50318825334166   0.000000000 0.002994012
  1.52503035990021   0.000000000 0.002994012
  1.53976308177686   0.000000000 0.002994012
  1.54098915320677   0.000000000 0.002994012
  1.54127514445203   0.000000000 0.002994012
  1.5445098468678    0.000000000 0.002994012
  1.56353968135265   0.000000000 0.002994012
  1.56622395180364   0.000000000 0.002994012
  1.61504512131781   0.000000000 0.002994012
  1.6171198085625    0.000000000 0.002994012
  1.62161439514661   0.000000000 0.002994012
  1.63418975037792   0.000000000 0.002994012
  1.63939243766726   0.000000000 0.002994012
  1.64253322864626   0.000000000 0.002994012
  1.64601191520958   0.000000000 0.002994012
  1.65160396921878   0.000000000 0.002994012
  1.67570522746792   0.000000000 0.002994012
  1.7897919012154    0.000000000 0.002994012
  1.79270601298718   0.000000000 0.002994012
  1.83761339827053   0.000000000 0.002994012
  1.85675433053446   0.000000000 0.002994012
  1.86972509813398   0.000000000 0.002994012
  1.88111946604269   0.000000000 0.002994012
  1.92104666828115   0.000000000 0.002994012
  1.92959041387503   0.000000000 0.002994012
  1.96070322296198   0.000000000 0.002994012
  1.98826659649045   0.000000000 0.002994012
  1.98915111363262   0.000000000 0.002994012
  2                  0.206586826 0.113772455
  2.10540423215126   0.000000000 0.002994012
  2.12762240270272   0.000000000 0.002994012
  2.27227310184934   0.000000000 0.002994012
  2.69491286713608   0.000000000 0.002994012
  3                  0.113772455 0.002994012
  4                  0.017964072 0.000000000
  5                  0.008982036 0.000000000
  6                  0.002994012 0.000000000

  Parameters of node game_score (multinomial distribution)

Conditional probability table:
                  0 0.0199662810025354 0.0395383211230776 0.0520991663066449 
       0.294910180        0.001497006        0.001497006        0.001497006 
0.0711020914304679 0.0717001172261372 0.0766011553082958 0.0949266583265279 
       0.001497006        0.001497006        0.001497006        0.001497006 
0.0963097746729542  0.103427059753536  0.106473372536941  0.136741652552021 
       0.001497006        0.001497006        0.001497006        0.001497006 
 0.164811887549796  0.185223242017109  0.211151023430899  0.213313423534306 
       0.001497006        0.001497006        0.001497006        0.001497006 
 0.226357544245599  0.232148092459666  0.239858174312373  0.252496969793867 
       0.001497006        0.001497006        0.001497006        0.001497006 
 0.253270310184716  0.260484558635584   0.26620494633304  0.306603715575534 
       0.001497006        0.001497006        0.001497006        0.001497006 
 0.316745425991851  0.336481086266722  0.344447868467295  0.345536700095092 
       0.001497006        0.001497006        0.001497006        0.001497006 
 0.375833219977329  0.387942575587268  0.390771245991384  0.416500183848138 
       0.001497006        0.001497006        0.001497006        0.001497006 
 0.422970524850463  0.425393821903394  0.470334970279347  0.472928377420794 
       0.001497006        0.001497006        0.001497006        0.001497006 
 0.475373260800549  0.480912053734105  0.494964549998731  0.497342854187184 
       0.001497006        0.001497006        0.001497006        0.001497006 
 0.513365520590534  0.516832596991483  0.518830990454582  0.532183085357719 
       0.001497006        0.001497006        0.001497006        0.001497006 
  0.54127514445203  0.543489153530837  0.548662001644051  0.583100546089248 
       0.001497006        0.001497006        0.001497006        0.001497006 
 0.601961003124437  0.608102290328419  0.623431641941905  0.634189750377921 
       0.001497006        0.001497006        0.001497006        0.001497006 
 0.635894726828217  0.643113208408639  0.653462492068661  0.676955234810999 
       0.001497006        0.001497006        0.001497006        0.001497006 
  0.70823105975337  0.712912104943039  0.734198187166769  0.747188590462135 
       0.001497006        0.001497006        0.001497006        0.001497006 
 0.755253771289028  0.759310558186562  0.783652428787206  0.812728564320242 
       0.001497006        0.001497006        0.001497006        0.001497006 
  0.84068626510633  0.843656040271772  0.863010171846041  0.871424771204556 
       0.001497006        0.001497006        0.001497006        0.001497006 
 0.876346200036339   0.88111946604269  0.918245240670221  0.945422885540174 
       0.001497006        0.001497006        0.001497006        0.001497006 
 0.971578738614774  0.972147113122724  0.989151113632621  0.995174044034743 
       0.001497006        0.001497006        0.001497006        0.001497006 
 0.999095063156966                  1   1.01036837581358   1.01248952846918 
       0.001497006        0.248502994        0.001497006        0.001497006 
  1.04226645592608   1.05982730926255   1.06515482350028   1.08901969373561 
       0.001497006        0.001497006        0.001497006        0.001497006 
  1.09923527059675   1.10204308032162   1.10540423215126   1.10696180539029 
       0.001497006        0.001497006        0.001497006        0.001497006 
  1.11136311936317   1.12762240270272   1.13018819044576   1.13069539810123 
       0.001497006        0.001497006        0.001497006        0.001497006 
  1.14789606770714   1.14887947390871   1.15933799771334   1.16214738626604 
       0.001497006        0.001497006        0.001497006        0.001497006 
  1.18591591703442   1.18729776227261   1.21273070573043   1.22565696021598 
       0.001497006        0.001497006        0.001497006        0.001497006 
  1.24828265114372   1.27227310184934   1.33867557420167   1.34923152190313 
       0.001497006        0.001497006        0.001497006        0.001497006 
  1.37286253465845   1.37838560485339    1.3828801914375   1.38495487868219 
       0.001497006        0.001497006        0.001497006        0.001497006 
  1.39743788589474   1.39995208843001    1.4047435033581   1.41975794049194 
       0.001497006        0.001497006        0.001497006        0.001497006 
  1.42212956517311     1.422186342154   1.43646031864735   1.44998388650863 
       0.001497006        0.001497006        0.001497006        0.001497006 
  1.46978992730874   1.48361652670452   1.50318825334166   1.52503035990021 
       0.001497006        0.001497006        0.001497006        0.001497006 
  1.53976308177686    1.5639850843137   1.56622395180364   1.58681015439247 
       0.001497006        0.001497006        0.001497006        0.001497006 
  1.63124871538014   1.63252882712346   1.63550798767333   1.63939243766726 
       0.001497006        0.001497006        0.001497006        0.001497006 
  1.64253322864626   1.64601191520958      1.64616285343   1.65443426177647 
       0.001497006        0.001497006        0.001497006        0.001497006 
  1.65745957041943    1.6801093589444   1.69491286713608   1.69726004041814 
       0.001497006        0.001497006        0.001497006        0.001497006 
  1.75795588217238   1.77512668354492   1.78155784319969   1.79270601298718 
       0.001497006        0.001497006        0.001497006        0.001497006 
  1.79807865243443   1.80817867907244   1.82321016354952   1.82517579118938 
       0.001497006        0.001497006        0.001497006        0.001497006 
  1.83761339827053   1.85675433053446   1.85724055696407   1.86240470200919 
       0.001497006        0.001497006        0.001497006        0.001497006 
  1.86972509813398   1.95283934141731    1.9600302493948   1.96070322296198 
       0.001497006        0.001497006        0.001497006        0.001497006 
  1.96681747130324   1.97094600147606   1.98826659649045                  2 
       0.001497006        0.001497006        0.001497006        0.176646707 
                 3                  4                  5 
       0.034431138        0.014970060        0.001497006 

  Parameters of node op1 (conditional Gaussian distribution)

Conditional density: op1 | op3 + op5 + sv1 + estado
Coefficients:
                       0            1
(Intercept)  -0.05478339   0.32086981
op3           0.01121753  -0.15545657
op5           0.15687181  -0.19097664
sv1           0.56964608   0.00000000
Standard deviation of the residuals:
        0          1  
0.4824232  0.4199004  
Discrete parents' configurations:
   estado
0       0
1       1

  Parameters of node op2 (conditional Gaussian distribution)

Conditional density: op2 | op1 + op3 + op6 + sv1 + sv5 + score + estado
Coefficients:
                        0             1
(Intercept)   0.191788692   0.018517442
op1           0.164480371  -0.028996488
op3           0.049207605  -0.146679598
op6           0.106454517   0.518616257
sv1           0.351324447   0.000000000
sv5           0.055964820   0.154312810
score        -0.006325617   0.060356553
Standard deviation of the residuals:
        0          1  
0.4407743  0.4258260  
Discrete parents' configurations:
   estado
0       0
1       1

  Parameters of node op3 (conditional Gaussian distribution)

Conditional density: op3 | op5 + op6 + sv5 + score_p + estado
Coefficients:
                       0            1
(Intercept)   0.07366111  -0.11495149
op5           0.36693366   0.08712406
op6           0.08074105   0.19610356
sv5           0.24818787   0.21105891
score_p      -0.02458893   0.06007515
Standard deviation of the residuals:
        0          1  
0.4379520  0.3838102  
Discrete parents' configurations:
   estado
0       0
1       1

  Parameters of node op5 (conditional Gaussian distribution)

Conditional density: op5 | op6 + sv5 + score + estado
Coefficients:
                       0            1
(Intercept)  -0.13347506   0.11999978
op6           0.12933653   0.52773658
sv5           0.41483789   0.09995053
score         0.01616596  -0.02159166
Standard deviation of the residuals:
        0          1  
0.4661422  0.2937434  
Discrete parents' configurations:
   estado
0       0
1       1

  Parameters of node op6 (conditional Gaussian distribution)

Conditional density: op6 | sv5 + score_a + score_p + estado
Coefficients:
                        0             1
(Intercept)   0.256513958   0.257176415
sv5           0.269432951   0.256649738
score_a      -0.005276733  -0.113225812
score_p       0.007127635   0.080668391
Standard deviation of the residuals:
        0          1  
0.4953427  0.3736417  
Discrete parents' configurations:
   estado
0       0
1       1

  Parameters of node sv1 (Gaussian distribution)

Conditional density: sv1
Coefficients:
(Intercept)  
  0.9865269  
Standard deviation of the residuals: 0.1153753 

  Parameters of node sv2 (conditional Gaussian distribution)

Conditional density: sv2 | op1 + op2 + op3 + op6 + sv1 + score_a + score_p + score_d + score_s + programa + estado
Coefficients:
                        0             1
(Intercept)   0.418798139   1.134835974
op1           0.011202166  -0.094549125
op2           0.139850918   0.372960284
op3           0.061093454   0.162092378
op6           0.027300644  -0.118720682
sv1           0.418249277   0.000000000
score_a      -0.005011853  -0.105588229
score_p       0.002286527  -0.068331722
score_d       0.012729676   0.114419827
score_s      -0.003198783   0.064165579
programa     -0.007109938  -0.067780999
Standard deviation of the residuals:
        0          1  
0.1976338  0.2552662  
Discrete parents' configurations:
   estado
0       0
1       1

  Parameters of node sv3 (conditional Gaussian distribution)

Conditional density: sv3 | op1 + op2 + op5 + op6 + sv2 + sv5 + score_p + estado
Coefficients:
                        0             1
(Intercept)  -0.144824060  -0.332191737
op1          -0.001147156  -0.107169372
op2          -0.009331645  -0.211545693
op5           0.360611240   0.055203420
op6           0.066661526   0.230616795
sv2           0.271308614   0.329144693
sv5           0.225765851   0.208611497
score_p      -0.025083397   0.089674967
Standard deviation of the residuals:
        0          1  
0.4359664  0.3662461  
Discrete parents' configurations:
   estado
0       0
1       1

  Parameters of node sv5 (conditional Gaussian distribution)

Conditional density: sv5 | score_a + score_p + estado
Coefficients:
                       0            1
(Intercept)   0.70949080   0.45336585
score_a       0.02668283  -0.08632175
score_p       0.01650977   0.21067482
Standard deviation of the residuals:
        0          1  
0.3177468  0.4129502  
Discrete parents' configurations:
   estado
0       0
1       1

  Parameters of node score (conditional Gaussian distribution)

Conditional density: score | estado
Coefficients:
                    0         1
(Intercept)  7.197605  6.125749
Standard deviation of the residuals:
       0         1  
2.120229  1.892548  
Discrete parents' configurations:
   estado
0       0
1       1

  Parameters of node score_a (conditional Gaussian distribution)

Conditional density: score_a | score + estado
Coefficients:
                      0           1
(Intercept)  -0.1910301   0.2221012
score         0.6509168   0.5673598
Standard deviation of the residuals:
        0          1  
0.7306495  0.6552047  
Discrete parents' configurations:
   estado
0       0
1       1

  Parameters of node score_p (conditional Gaussian distribution)

Conditional density: score_p | score + score_a + estado
Coefficients:
                      0           1
(Intercept)  -0.2453203  -0.2166581
score         0.9008292   0.8121044
score_a      -0.6626626  -0.5750622
Standard deviation of the residuals:
        0          1  
0.6562439  0.6195317  
Discrete parents' configurations:
   estado
0       0
1       1

  Parameters of node score_d (conditional Gaussian distribution)

Conditional density: score_d | op1 + op2 + op6 + score + score_a + score_p + estado
Coefficients:
                       0            1
(Intercept)  -0.49887615  -0.77712065
op1           0.13519811   0.23064208
op2           0.06614512  -0.25330346
op6          -0.02231730   0.45365737
score         0.81690869   0.76829960
score_a      -0.22056719  -0.12390678
score_p      -0.69669596  -0.64601981
Standard deviation of the residuals:
        0          1  
0.5488916  0.5378742  
Discrete parents' configurations:
   estado
0       0
1       1

  Parameters of node score_s (conditional Gaussian distribution)

Conditional density: score_s | score + score_a + score_p + score_d + estado
Coefficients:
                        0             1
(Intercept)   0.428408277   0.144448742
score         0.623107690   0.310212695
score_a      -0.285089797  -0.001590123
score_p      -0.500471592  -0.255329405
score_d       0.104555835   0.315673860
Standard deviation of the residuals:
        0          1  
0.6075442  0.6073860  
Discrete parents' configurations:
   estado
0       0
1       1

  Parameters of node programa (conditional Gaussian distribution)

Conditional density: programa | op5 + score_p + score_d + score_s + estado
Coefficients:
                       0            1
(Intercept)   4.70763261   3.42060998
op5          -0.09159050  -0.30768503
score_p      -0.11285334   0.04012118
score_d      -0.02668014   0.34903775
score_s      -0.08570484  -0.38910445
Standard deviation of the residuals:
        0          1  
0.9586809  0.7047211  
Discrete parents' configurations:
   estado
0       0
1       1

  Parameters of node sol1 (multinomial distribution)

Conditional probability table:
                  0 0.0207367516271637 0.0331825286967643 0.0410914384500634 
       0.065868263        0.001497006        0.001497006        0.001497006 
0.0471606585826879  0.174824208810618  0.201921347565569  0.218442156800307 
       0.001497006        0.001497006        0.001497006        0.001497006 
 0.241822696668689  0.279700330238433  0.302739959581858  0.342540429580573 
       0.001497006        0.001497006        0.001497006        0.001497006 
 0.498999333793415  0.526746935876584  0.618268999818306   0.63836131950559 
       0.001497006        0.001497006        0.001497006        0.001497006 
 0.706835160201198  0.708512999059677  0.787269294269573  0.851120526091288 
       0.001497006        0.001497006        0.001497006        0.001497006 
 0.852103932292859  0.899430195342906                  1   1.12797016862741 
       0.001497006        0.001497006        0.002994012        0.001497006 
  1.26405704768933   1.46324099848832                  2   2.50797143743845 
       0.001497006        0.001497006        0.001497006        0.001497006 
  2.58899508916196   2.60641587687512   2.64429274652666   2.77457520994321 
       0.001497006        0.001497006        0.001497006        0.001497006 
                 3   3.12083390011336    3.1692806883619   3.17053505933331 
       0.002994012        0.001497006        0.001497006        0.001497006 
  3.23647014650438    3.3665469297073   3.71836165550013                  4 
       0.001497006        0.001497006        0.001497006        0.032934132 
  4.01265751745458   4.01681443749214   4.01996628100254   4.02488328714504 
       0.001497006        0.001497006        0.001497006        0.001497006 
  4.05586944126272   4.07241111644867   4.14141008120332   4.14258628569159 
       0.001497006        0.001497006        0.001497006        0.001497006 
  4.14324566946554   4.17155740725486   4.19455818690223    4.2260662368426 
       0.001497006        0.001497006        0.001497006        0.001497006 
  4.32768639336037   4.33648108626672   4.33716410406337   4.34553670009509 
       0.001497006        0.001497006        0.001497006        0.001497006 
     4.35383714657   4.35398808479042   4.36449201232667   4.37138403042176 
       0.001497006        0.001497006        0.001497006        0.001497006 
  4.39817400152621   4.44225224889673   4.46329759989286   4.46763313731529 
       0.001497006        0.001497006        0.001497006        0.001497006 
  4.48286470123232   4.48332819729906   4.51456202374042   4.53021007269126 
       0.001497006        0.001497006        0.001497006        0.001497006 
  4.53218308535772   4.54348915353084    4.5445098468678   4.54866200164405 
       0.001497006        0.001497006        0.001497006        0.001497006 
  4.57460617809661   4.58024205950806   4.58349981615186   4.60004791156999 
       0.001497006        0.001497006        0.001497006        0.001497006 
  4.60196100312444   4.60922875400862   4.61205742441273   4.61699422345852 
       0.001497006        0.001497006        0.001497006        0.001497006 
  4.62713746534155   4.64311320840864   4.64329496254711   4.69387075903514 
       0.001497006        0.001497006        0.001497006        0.001497006 
  4.69985102297093    4.7258612936249   4.75982407261408   4.84066200228666 
       0.001497006        0.001497006        0.001497006        0.001497006 
  4.84365604027177   4.84745643356804   4.87278612677159   4.88863688063683 
       0.001497006        0.001497006        0.001497006        0.001497006 
   4.9367095679636   4.99376599529973   4.99909506315697                  5 
       0.001497006        0.001497006        0.001497006        0.101796407 
  5.03746858540754   5.04763135705658    5.0606752698799   5.06929597762838 
       0.001497006        0.001497006        0.001497006        0.001497006 
  5.08526378415568   5.11111147923095   5.14275944303593   5.17921835518167 
       0.001497006        0.001497006        0.001497006        0.001497006 
  5.23214809245967   5.24274606734391   5.25618161177432   5.26580181283323 
       0.001497006        0.001497006        0.001497006        0.001497006 
   5.2692801476071   5.27152945484728   5.29176894024663   5.37656835805809 
       0.001497006        0.001497006        0.001497006        0.001497006 
  5.37685825691018   5.44387892496616   5.44462099082048   5.45004104505465 
       0.001497006        0.001497006        0.001497006        0.001497006 
  5.45482181123578   5.48116900954542   5.48977999811392    5.5190879462659 
       0.001497006        0.001497006        0.001497006        0.001497006 
  5.52439614662462   5.53071515909747   5.54098915320677   5.54127514445203 
       0.001497006        0.001497006        0.001497006        0.001497006 
  5.54864730396294   5.57396888002346   5.70362176561876   5.71859084428642 
       0.001497006        0.001497006        0.001497006        0.001497006 
  5.72772689815066   5.75135739852617   5.78126343255917    5.7877859968638 
       0.001497006        0.001497006        0.001497006        0.001497006 
  5.78879086565832   5.81272856432024   5.84248491926218   5.84320267805673 
       0.001497006        0.001497006        0.001497006        0.001497006 
    5.844372684308   5.84669814221223   5.87051754912735   5.87237759729728 
       0.001497006        0.001497006        0.001497006        0.001497006 
  5.87336484490764   5.89459576784874   5.90626346534501   5.92104666828115 
       0.001497006        0.001497006        0.001497006        0.001497006 
  5.92829988277386   5.94345242031381   5.95453133419606   5.95773354407392 
       0.001497006        0.001497006        0.001497006        0.001497006 
  5.96046167887692   5.97205920665703   5.97799190004083                  6 
       0.001497006        0.001497006        0.001497006        0.058383234 
  6.01017091323126   6.02785288687728   6.07021732665156   6.07075200666142 
       0.001497006        0.001497006        0.001497006        0.001497006 
  6.13018819044576   6.17547864318081    6.1984705411935   6.21392361078058 
       0.001497006        0.001497006        0.001497006        0.001497006 
  6.30713715680683   6.44998388650863   6.45131392043195    6.4599034382284 
       0.001497006        0.001497006        0.001497006        0.001497006 
  6.50956476002497   6.65028306506437   6.69307501586268    6.7574909093816 
       0.001497006        0.001497006        0.001497006        0.001497006 
  6.75795588217238   6.91352082475328   6.92140644592397   6.92759968593878 
       0.001497006        0.001497006        0.001497006        0.001497006 
  6.99861589305405                  7    7.0142762130639   7.10665671176715 
       0.001497006        0.077844311        0.001497006        0.001497006 
  7.14220418286094   7.19826890113187   7.30886852355293   7.32962377509959 
       0.001497006        0.001497006        0.001497006        0.001497006 
  7.37811803896155    7.5201640384166    7.6334908519837   7.65399693024588 
       0.001497006        0.001497006        0.001497006        0.001497006 
  7.66269002531738   7.67461576095157   7.72480940401837   7.81476567144763 
       0.001497006        0.001497006        0.001497006        0.001497006 
  7.81626441356173   7.87362473444865   7.92006049878959    7.9272842655096 
       0.001497006        0.001497006        0.001497006        0.001497006 
  7.94993928019958   7.99202821746928                  8   8.27178945365644 
       0.001497006        0.001497006        0.148203593        0.001497006 
  8.29196696612474   8.68137253021266   8.71291210494304   8.75171734885628 
       0.001497006        0.001497006        0.001497006        0.001497006 
  8.84586757965341                  9 
       0.001497006        0.220059880 

  Parameters of node estado (multinomial distribution)

Conditional probability table:
 
      sol1
estado          0 0.0207367516271637 0.0331825286967643 0.0410914384500634
     0 0.00000000         0.00000000         0.00000000         0.00000000
     1 1.00000000         1.00000000         1.00000000         1.00000000
      sol1
estado 0.0471606585826879 0.174824208810618 0.201921347565569 0.218442156800307
     0         0.00000000        0.00000000        0.00000000        0.00000000
     1         1.00000000        1.00000000        1.00000000        1.00000000
      sol1
estado 0.241822696668689 0.279700330238433 0.302739959581858 0.342540429580573
     0        0.00000000        0.00000000        0.00000000        0.00000000
     1        1.00000000        1.00000000        1.00000000        1.00000000
      sol1
estado 0.498999333793415 0.526746935876584 0.618268999818306 0.63836131950559
     0        0.00000000        0.00000000        0.00000000       0.00000000
     1        1.00000000        1.00000000        1.00000000       1.00000000
      sol1
estado 0.706835160201198 0.708512999059677 0.787269294269573 0.851120526091288
     0        0.00000000        0.00000000        0.00000000        0.00000000
     1        1.00000000        1.00000000        1.00000000        1.00000000
      sol1
estado 0.852103932292859 0.899430195342906          1 1.12797016862741
     0        0.00000000        0.00000000 0.50000000       0.00000000
     1        1.00000000        1.00000000 0.50000000       1.00000000
      sol1
estado 1.26405704768933 1.46324099848832          2 2.50797143743845
     0       0.00000000       0.00000000 0.00000000       0.00000000
     1       1.00000000       1.00000000 1.00000000       1.00000000
      sol1
estado 2.58899508916196 2.60641587687512 2.64429274652666 2.77457520994321
     0       0.00000000       0.00000000       0.00000000       0.00000000
     1       1.00000000       1.00000000       1.00000000       1.00000000
      sol1
estado          3 3.12083390011336 3.1692806883619 3.17053505933331
     0 1.00000000       0.00000000      0.00000000       0.00000000
     1 0.00000000       1.00000000      1.00000000       1.00000000
      sol1
estado 3.23647014650438 3.3665469297073 3.71836165550013          4
     0       0.00000000      0.00000000       0.00000000 0.36363636
     1       1.00000000      1.00000000       1.00000000 0.63636364
      sol1
estado 4.01265751745458 4.01681443749214 4.01996628100254 4.02488328714504
     0       0.00000000       0.00000000       0.00000000       0.00000000
     1       1.00000000       1.00000000       1.00000000       1.00000000
      sol1
estado 4.05586944126272 4.07241111644867 4.14141008120332 4.14258628569159
     0       0.00000000       0.00000000       0.00000000       0.00000000
     1       1.00000000       1.00000000       1.00000000       1.00000000
      sol1
estado 4.14324566946554 4.17155740725486 4.19455818690223 4.2260662368426
     0       0.00000000       0.00000000       0.00000000      0.00000000
     1       1.00000000       1.00000000       1.00000000      1.00000000
      sol1
estado 4.32768639336037 4.33648108626672 4.33716410406337 4.34553670009509
     0       0.00000000       0.00000000       0.00000000       0.00000000
     1       1.00000000       1.00000000       1.00000000       1.00000000
      sol1
estado 4.35383714657 4.35398808479042 4.36449201232667 4.37138403042176
     0    0.00000000       0.00000000       0.00000000       0.00000000
     1    1.00000000       1.00000000       1.00000000       1.00000000
      sol1
estado 4.39817400152621 4.44225224889673 4.46329759989286 4.46763313731529
     0       0.00000000       0.00000000       0.00000000       0.00000000
     1       1.00000000       1.00000000       1.00000000       1.00000000
      sol1
estado 4.48286470123232 4.48332819729906 4.51456202374042 4.53021007269126
     0       0.00000000       0.00000000       0.00000000       0.00000000
     1       1.00000000       1.00000000       1.00000000       1.00000000
      sol1
estado 4.53218308535772 4.54348915353084 4.5445098468678 4.54866200164405
     0       0.00000000       0.00000000      0.00000000       0.00000000
     1       1.00000000       1.00000000      1.00000000       1.00000000
      sol1
estado 4.57460617809661 4.58024205950806 4.58349981615186 4.60004791156999
     0       0.00000000       0.00000000       0.00000000       0.00000000
     1       1.00000000       1.00000000       1.00000000       1.00000000
      sol1
estado 4.60196100312444 4.60922875400862 4.61205742441273 4.61699422345852
     0       0.00000000       0.00000000       0.00000000       0.00000000
     1       1.00000000       1.00000000       1.00000000       1.00000000
      sol1
estado 4.62713746534155 4.64311320840864 4.64329496254711 4.69387075903514
     0       0.00000000       0.00000000       0.00000000       0.00000000
     1       1.00000000       1.00000000       1.00000000       1.00000000
      sol1
estado 4.69985102297093 4.7258612936249 4.75982407261408 4.84066200228666
     0       0.00000000      0.00000000       0.00000000       0.00000000
     1       1.00000000      1.00000000       1.00000000       1.00000000
      sol1
estado 4.84365604027177 4.84745643356804 4.87278612677159 4.88863688063683
     0       0.00000000       0.00000000       0.00000000       0.00000000
     1       1.00000000       1.00000000       1.00000000       1.00000000
      sol1
estado 4.9367095679636 4.99376599529973 4.99909506315697          5
     0      0.00000000       0.00000000       0.00000000 0.20588235
     1      1.00000000       1.00000000       1.00000000 0.79411765
      sol1
estado 5.03746858540754 5.04763135705658 5.0606752698799 5.06929597762838
     0       0.00000000       0.00000000      0.00000000       0.00000000
     1       1.00000000       1.00000000      1.00000000       1.00000000
      sol1
estado 5.08526378415568 5.11111147923095 5.14275944303593 5.17921835518167
     0       0.00000000       0.00000000       0.00000000       0.00000000
     1       1.00000000       1.00000000       1.00000000       1.00000000
      sol1
estado 5.23214809245967 5.24274606734391 5.25618161177432 5.26580181283323
     0       0.00000000       0.00000000       0.00000000       0.00000000
     1       1.00000000       1.00000000       1.00000000       1.00000000
      sol1
estado 5.2692801476071 5.27152945484728 5.29176894024663 5.37656835805809
     0      0.00000000       0.00000000       0.00000000       0.00000000
     1      1.00000000       1.00000000       1.00000000       1.00000000
      sol1
estado 5.37685825691018 5.44387892496616 5.44462099082048 5.45004104505465
     0       0.00000000       0.00000000       0.00000000       0.00000000
     1       1.00000000       1.00000000       1.00000000       1.00000000
      sol1
estado 5.45482181123578 5.48116900954542 5.48977999811392 5.5190879462659
     0       0.00000000       0.00000000       0.00000000      0.00000000
     1       1.00000000       1.00000000       1.00000000      1.00000000
      sol1
estado 5.52439614662462 5.53071515909747 5.54098915320677 5.54127514445203
     0       0.00000000       0.00000000       0.00000000       0.00000000
     1       1.00000000       1.00000000       1.00000000       1.00000000
      sol1
estado 5.54864730396294 5.57396888002346 5.70362176561876 5.71859084428642
     0       0.00000000       0.00000000       0.00000000       0.00000000
     1       1.00000000       1.00000000       1.00000000       1.00000000
      sol1
estado 5.72772689815066 5.75135739852617 5.78126343255917 5.7877859968638
     0       0.00000000       0.00000000       0.00000000      0.00000000
     1       1.00000000       1.00000000       1.00000000      1.00000000
      sol1
estado 5.78879086565832 5.81272856432024 5.84248491926218 5.84320267805673
     0       0.00000000       0.00000000       0.00000000       0.00000000
     1       1.00000000       1.00000000       1.00000000       1.00000000
      sol1
estado 5.844372684308 5.84669814221223 5.87051754912735 5.87237759729728
     0     0.00000000       0.00000000       0.00000000       0.00000000
     1     1.00000000       1.00000000       1.00000000       1.00000000
      sol1
estado 5.87336484490764 5.89459576784874 5.90626346534501 5.92104666828115
     0       0.00000000       0.00000000       0.00000000       0.00000000
     1       1.00000000       1.00000000       1.00000000       1.00000000
      sol1
estado 5.92829988277386 5.94345242031381 5.95453133419606 5.95773354407392
     0       0.00000000       0.00000000       0.00000000       0.00000000
     1       1.00000000       1.00000000       1.00000000       1.00000000
      sol1
estado 5.96046167887692 5.97205920665703 5.97799190004083          6
     0       0.00000000       0.00000000       0.00000000 0.69230769
     1       1.00000000       1.00000000       1.00000000 0.30769231
      sol1
estado 6.01017091323126 6.02785288687728 6.07021732665156 6.07075200666142
     0       0.00000000       0.00000000       0.00000000       0.00000000
     1       1.00000000       1.00000000       1.00000000       1.00000000
      sol1
estado 6.13018819044576 6.17547864318081 6.1984705411935 6.21392361078058
     0       0.00000000       0.00000000      0.00000000       0.00000000
     1       1.00000000       1.00000000      1.00000000       1.00000000
      sol1
estado 6.30713715680683 6.44998388650863 6.45131392043195 6.4599034382284
     0       0.00000000       0.00000000       0.00000000      0.00000000
     1       1.00000000       1.00000000       1.00000000      1.00000000
      sol1
estado 6.50956476002497 6.65028306506437 6.69307501586268 6.7574909093816
     0       0.00000000       0.00000000       0.00000000      0.00000000
     1       1.00000000       1.00000000       1.00000000      1.00000000
      sol1
estado 6.75795588217238 6.91352082475328 6.92140644592397 6.92759968593878
     0       0.00000000       0.00000000       0.00000000       0.00000000
     1       1.00000000       1.00000000       1.00000000       1.00000000
      sol1
estado 6.99861589305405          7 7.0142762130639 7.10665671176715
     0       0.00000000 0.96153846      0.00000000       0.00000000
     1       1.00000000 0.03846154      1.00000000       1.00000000
      sol1
estado 7.14220418286094 7.19826890113187 7.30886852355293 7.32962377509959
     0       0.00000000       0.00000000       0.00000000       0.00000000
     1       1.00000000       1.00000000       1.00000000       1.00000000
      sol1
estado 7.37811803896155 7.5201640384166 7.6334908519837 7.65399693024588
     0       0.00000000      0.00000000      0.00000000       0.00000000
     1       1.00000000      1.00000000      1.00000000       1.00000000
      sol1
estado 7.66269002531738 7.67461576095157 7.72480940401837 7.81476567144763
     0       0.00000000       0.00000000       0.00000000       0.00000000
     1       1.00000000       1.00000000       1.00000000       1.00000000
      sol1
estado 7.81626441356173 7.87362473444865 7.92006049878959 7.9272842655096
     0       0.00000000       0.00000000       0.00000000      0.00000000
     1       1.00000000       1.00000000       1.00000000      1.00000000
      sol1
estado 7.94993928019958 7.99202821746928          8 8.27178945365644
     0       0.00000000       0.00000000 0.90909091       0.00000000
     1       1.00000000       1.00000000 0.09090909       1.00000000
      sol1
estado 8.29196696612474 8.68137253021266 8.71291210494304 8.75171734885628
     0       0.00000000       0.00000000       0.00000000       0.00000000
     1       1.00000000       1.00000000       1.00000000       1.00000000
      sol1
estado 8.84586757965341          9
     0       0.00000000 0.96598639
     1       1.00000000 0.03401361

