
  Bayesian network parameters

  Parameters of node op5 (conditional Gaussian distribution)

Conditional density: op5 | estado
Coefficients:
                     0          1
(Intercept)  0.3970149  0.1313433
Standard deviation of the residuals:
        0          1  
0.4900110  0.3382807  
Discrete parents' configurations:
   estado
0       0
1       1

  Parameters of node score (conditional Gaussian distribution)

Conditional density: score | op5 + estado
Coefficients:
                      0           1
(Intercept)   7.1039604   6.2027491
op5           0.1892727  -0.7936582
Standard deviation of the residuals:
       0         1  
2.147966  1.782189  
Discrete parents' configurations:
   estado
0       0
1       1

  Parameters of node programa (conditional Gaussian distribution)

Conditional density: programa | score + estado
Coefficients:
                       0            1
(Intercept)   4.51269272   4.04526113
score        -0.06434597  -0.10482745
Standard deviation of the residuals:
        0          1  
0.9675892  0.7728519  
Discrete parents' configurations:
   estado
0       0
1       1

  Parameters of node sol1 (multinomial distribution)

Conditional probability table:
                    0 0.000947493689817502   0.0851631678321549 
         0.065671642          0.001492537          0.001492537 
  0.0918324123587058    0.146129131019576    0.170034556051372 
         0.001492537          0.001492537          0.001492537 
   0.186843916202891    0.187667155289304    0.219698025914585 
         0.001492537          0.001492537          0.001492537 
   0.258219272766072    0.410482589343507     0.46599981737741 
         0.001492537          0.001492537          0.001492537 
   0.493766829924585    0.495141842746629    0.595563617605558 
         0.001492537          0.001492537          0.001492537 
   0.610186819033285    0.690308191899578    0.729777763956662 
         0.001492537          0.001492537          0.001492537 
    0.73505759467112    0.760510723435403    0.853849734313989 
         0.001492537          0.001492537          0.001492537 
   0.857786632553347    0.889688961763534    0.912880026800688 
         0.001492537          0.001492537          0.001492537 
   0.943699498169253    0.944883279357312                    1 
         0.001492537          0.001492537          0.004477612 
    1.32388582382986     1.47615987725502      1.4988477708732 
         0.001492537          0.001492537          0.001492537 
    1.61082338401961     1.74053008169571     1.83315680781382 
         0.001492537          0.001492537          0.001492537 
                   2      2.3018165895602     2.45049592499857 
         0.001492537          0.001492537          0.001492537 
    2.55556304332098     2.77912078507377     2.78148648251365 
         0.001492537          0.001492537          0.001492537 
    2.78766683686718                    3     3.32647387231761 
         0.001492537          0.002985075          0.001492537 
    3.57289998201847     3.79440427030843                    4 
         0.001492537          0.001492537          0.035820896 
    4.05381211330415     4.14364333806254     4.14504605426376 
         0.001492537          0.001492537          0.001492537 
    4.14528377355115     4.18315279703786     4.18325204199774 
         0.001492537          0.001492537          0.001492537 
    4.23270388571337     4.24381230182581     4.25417902963338 
         0.001492537          0.001492537          0.001492537 
    4.25962423807611     4.28036711527009     4.30092844289089 
         0.001492537          0.001492537          0.001492537 
    4.31093597228008     4.34619831981716      4.3881712445961 
         0.001492537          0.001492537          0.001492537 
    4.39345970074569     4.43376474494768     4.44574764216602 
         0.001492537          0.001492537          0.001492537 
    4.44819402736459     4.46016323444467     4.53262331086508 
         0.001492537          0.001492537          0.001492537 
    4.54074517630218     4.61566087579037     4.61583140400338 
         0.001492537          0.001492537          0.001492537 
    4.64732147852559     4.65242159091612     4.66902524187708 
         0.001492537          0.001492537          0.001492537 
    4.68308815259921     4.76006955058766     4.76008642081988 
         0.001492537          0.001492537          0.001492537 
    4.79402337090198     4.87894370549924     4.88526512762377 
         0.001492537          0.001492537          0.001492537 
    4.90472903112951     4.94763694760092     4.99425831559152 
         0.001492537          0.001492537          0.001492537 
                   5     5.00754081448767     5.02060920260282 
         0.044776119          0.001492537          0.001492537 
    5.05015299935802     5.08274877239546     5.08745252728945 
         0.001492537          0.001492537          0.001492537 
    5.19718188268865     5.21169913520846     5.21922628113887 
         0.001492537          0.001492537          0.001492537 
     5.2229858993839     5.22883641658663     5.23349709603933 
         0.001492537          0.001492537          0.001492537 
    5.24365502904817     5.24955109689428      5.2673896626141 
         0.001492537          0.001492537          0.001492537 
    5.27717728182615     5.28461510108394     5.29080352576033 
         0.001492537          0.001492537          0.001492537 
    5.30147332577852     5.33264204190678     5.35800439821055 
         0.001492537          0.001492537          0.001492537 
    5.37423142402223      5.3900594077073     5.45169235794415 
         0.001492537          0.001492537          0.001492537 
    5.45205397656869     5.46353850416501     5.49776037900989 
         0.001492537          0.001492537          0.001492537 
    5.58115086437068     5.58463088472732     5.59421741465143 
         0.001492537          0.001492537          0.001492537 
    5.62173579306055     5.62933039150488     5.65204630337373 
         0.001492537          0.001492537          0.001492537 
    5.65437079096797     5.66273086964908      5.6916934331726 
         0.001492537          0.001492537          0.001492537 
    5.69767387474121     5.70726939144137     5.70948039622897 
         0.001492537          0.001492537          0.001492537 
    5.71598255316977     5.72560239273815     5.76816340863617 
         0.001492537          0.001492537          0.001492537 
     5.7991666021077     5.80461307116911     5.80936555329675 
         0.001492537          0.001492537          0.001492537 
    5.83998656784463     5.92486336944226     5.93505805918408 
         0.001492537          0.001492537          0.001492537 
    5.96410690682938                    6     6.00674064886569 
         0.001492537          0.082089552          0.001492537 
    6.01522823105107     6.04050209348755     6.06006343750471 
         0.001492537          0.001492537          0.001492537 
    6.11232028258848     6.12648394701007     6.22233632237863 
         0.001492537          0.001492537          0.001492537 
    6.26190199573611     6.26231750428297     6.26292026970638 
         0.001492537          0.001492537          0.001492537 
    6.27908543918094     6.28869555299884     6.29804391259075 
         0.001492537          0.001492537          0.001492537 
    6.33282789966089     6.34426068030443     6.35577156740071 
         0.001492537          0.001492537          0.001492537 
    6.36561076187088     6.44604965129254     6.46638604979193 
         0.001492537          0.001492537          0.001492537 
    6.55896942931328      6.5782928772693      6.6053278498321 
         0.001492537          0.001492537          0.001492537 
    6.61881114958462     6.63275354786475     6.67730168033375 
         0.001492537          0.001492537          0.001492537 
     6.6927660985268     6.70120926836943     6.70638254708814 
         0.001492537          0.001492537          0.001492537 
    6.72297209893774     6.77441615738354     6.78411829305282 
         0.001492537          0.001492537          0.001492537 
    6.79138974766349     6.84086479578171     6.86788298727635 
         0.001492537          0.001492537          0.001492537 
    6.98527540397964     6.99835498907427                    7 
         0.001492537          0.001492537          0.080597015 
    7.04438702192412      7.0818487469158     7.09354179919048 
         0.001492537          0.001492537          0.001492537 
    7.16621248256245     7.20995857726761      7.2858418484934 
         0.001492537          0.001492537          0.001492537 
    7.35949753900885     7.36874860217832     7.40488306754086 
         0.001492537          0.001492537          0.001492537 
    7.43593362487466     7.46792600666663     7.49375921690072 
         0.001492537          0.001492537          0.001492537 
    7.50401256137294     7.55462993112352     7.59172854145602 
         0.001492537          0.001492537          0.001492537 
    7.61020933471849     7.66148940948099     7.69025822863346 
         0.001492537          0.001492537          0.001492537 
    7.72323896375982     7.74702829410162     7.95798227904876 
         0.001492537          0.001492537          0.001492537 
    7.95989695687907     7.97673293437654                    8 
         0.001492537          0.001492537          0.165671642 
    8.27847506306099     8.32519150169926     8.38391282286137 
         0.001492537          0.001492537          0.001492537 
    8.40661648580438     8.41051800244906     8.59884095747963 
         0.001492537          0.001492537          0.001492537 
    8.68005002536351     8.68974354698293     8.71201681298616 
         0.001492537          0.001492537          0.001492537 
    8.77042571002581     8.78156559456663                    9 
         0.001492537          0.001492537          0.226865672 

  Parameters of node estado (multinomial distribution)

Conditional probability table:
 
      sol1
estado          0 0.000947493689817502 0.0851631678321549 0.0918324123587058
     0 0.00000000           0.00000000         0.00000000         0.00000000
     1 1.00000000           1.00000000         1.00000000         1.00000000
      sol1
estado 0.146129131019576 0.170034556051372 0.186843916202891 0.187667155289304
     0        0.00000000        0.00000000        0.00000000        0.00000000
     1        1.00000000        1.00000000        1.00000000        1.00000000
      sol1
estado 0.219698025914585 0.258219272766072 0.410482589343507 0.46599981737741
     0        0.00000000        0.00000000        0.00000000       0.00000000
     1        1.00000000        1.00000000        1.00000000       1.00000000
      sol1
estado 0.493766829924585 0.495141842746629 0.595563617605558 0.610186819033285
     0        0.00000000        0.00000000        0.00000000        0.00000000
     1        1.00000000        1.00000000        1.00000000        1.00000000
      sol1
estado 0.690308191899578 0.729777763956662 0.73505759467112 0.760510723435403
     0        0.00000000        0.00000000       0.00000000        0.00000000
     1        1.00000000        1.00000000       1.00000000        1.00000000
      sol1
estado 0.853849734313989 0.857786632553347 0.889688961763534 0.912880026800688
     0        0.00000000        0.00000000        0.00000000        0.00000000
     1        1.00000000        1.00000000        1.00000000        1.00000000
      sol1
estado 0.943699498169253 0.944883279357312          1 1.32388582382986
     0        0.00000000        0.00000000 0.66666667       0.00000000
     1        1.00000000        1.00000000 0.33333333       1.00000000
      sol1
estado 1.47615987725502 1.4988477708732 1.61082338401961 1.74053008169571
     0       0.00000000      0.00000000       0.00000000       0.00000000
     1       1.00000000      1.00000000       1.00000000       1.00000000
      sol1
estado 1.83315680781382          2 2.3018165895602 2.45049592499857
     0       0.00000000 0.00000000      0.00000000       0.00000000
     1       1.00000000 1.00000000      1.00000000       1.00000000
      sol1
estado 2.55556304332098 2.77912078507377 2.78148648251365 2.78766683686718
     0       0.00000000       0.00000000       0.00000000       0.00000000
     1       1.00000000       1.00000000       1.00000000       1.00000000
      sol1
estado          3 3.32647387231761 3.57289998201847 3.79440427030843          4
     0 1.00000000       0.00000000       0.00000000       0.00000000 0.25000000
     1 0.00000000       1.00000000       1.00000000       1.00000000 0.75000000
      sol1
estado 4.05381211330415 4.14364333806254 4.14504605426376 4.14528377355115
     0       0.00000000       0.00000000       0.00000000       0.00000000
     1       1.00000000       1.00000000       1.00000000       1.00000000
      sol1
estado 4.18315279703786 4.18325204199774 4.23270388571337 4.24381230182581
     0       0.00000000       0.00000000       0.00000000       0.00000000
     1       1.00000000       1.00000000       1.00000000       1.00000000
      sol1
estado 4.25417902963338 4.25962423807611 4.28036711527009 4.30092844289089
     0       0.00000000       0.00000000       0.00000000       0.00000000
     1       1.00000000       1.00000000       1.00000000       1.00000000
      sol1
estado 4.31093597228008 4.34619831981716 4.3881712445961 4.39345970074569
     0       0.00000000       0.00000000      0.00000000       0.00000000
     1       1.00000000       1.00000000      1.00000000       1.00000000
      sol1
estado 4.43376474494768 4.44574764216602 4.44819402736459 4.46016323444467
     0       0.00000000       0.00000000       0.00000000       0.00000000
     1       1.00000000       1.00000000       1.00000000       1.00000000
      sol1
estado 4.53262331086508 4.54074517630218 4.61566087579037 4.61583140400338
     0       0.00000000       0.00000000       0.00000000       0.00000000
     1       1.00000000       1.00000000       1.00000000       1.00000000
      sol1
estado 4.64732147852559 4.65242159091612 4.66902524187708 4.68308815259921
     0       0.00000000       0.00000000       0.00000000       0.00000000
     1       1.00000000       1.00000000       1.00000000       1.00000000
      sol1
estado 4.76006955058766 4.76008642081988 4.79402337090198 4.87894370549924
     0       0.00000000       0.00000000       0.00000000       0.00000000
     1       1.00000000       1.00000000       1.00000000       1.00000000
      sol1
estado 4.88526512762377 4.90472903112951 4.94763694760092 4.99425831559152
     0       0.00000000       0.00000000       0.00000000       0.00000000
     1       1.00000000       1.00000000       1.00000000       1.00000000
      sol1
estado          5 5.00754081448767 5.02060920260282 5.05015299935802
     0 0.40000000       0.00000000       0.00000000       0.00000000
     1 0.60000000       1.00000000       1.00000000       1.00000000
      sol1
estado 5.08274877239546 5.08745252728945 5.19718188268865 5.21169913520846
     0       0.00000000       0.00000000       0.00000000       0.00000000
     1       1.00000000       1.00000000       1.00000000       1.00000000
      sol1
estado 5.21922628113887 5.2229858993839 5.22883641658663 5.23349709603933
     0       0.00000000      0.00000000       0.00000000       0.00000000
     1       1.00000000      1.00000000       1.00000000       1.00000000
      sol1
estado 5.24365502904817 5.24955109689428 5.2673896626141 5.27717728182615
     0       0.00000000       0.00000000      0.00000000       0.00000000
     1       1.00000000       1.00000000      1.00000000       1.00000000
      sol1
estado 5.28461510108394 5.29080352576033 5.30147332577852 5.33264204190678
     0       0.00000000       0.00000000       0.00000000       0.00000000
     1       1.00000000       1.00000000       1.00000000       1.00000000
      sol1
estado 5.35800439821055 5.37423142402223 5.3900594077073 5.45169235794415
     0       0.00000000       0.00000000      0.00000000       0.00000000
     1       1.00000000       1.00000000      1.00000000       1.00000000
      sol1
estado 5.45205397656869 5.46353850416501 5.49776037900989 5.58115086437068
     0       0.00000000       0.00000000       0.00000000       0.00000000
     1       1.00000000       1.00000000       1.00000000       1.00000000
      sol1
estado 5.58463088472732 5.59421741465143 5.62173579306055 5.62933039150488
     0       0.00000000       0.00000000       0.00000000       0.00000000
     1       1.00000000       1.00000000       1.00000000       1.00000000
      sol1
estado 5.65204630337373 5.65437079096797 5.66273086964908 5.6916934331726
     0       0.00000000       0.00000000       0.00000000      0.00000000
     1       1.00000000       1.00000000       1.00000000      1.00000000
      sol1
estado 5.69767387474121 5.70726939144137 5.70948039622897 5.71598255316977
     0       0.00000000       0.00000000       0.00000000       0.00000000
     1       1.00000000       1.00000000       1.00000000       1.00000000
      sol1
estado 5.72560239273815 5.76816340863617 5.7991666021077 5.80461307116911
     0       0.00000000       0.00000000      0.00000000       0.00000000
     1       1.00000000       1.00000000      1.00000000       1.00000000
      sol1
estado 5.80936555329675 5.83998656784463 5.92486336944226 5.93505805918408
     0       0.00000000       0.00000000       0.00000000       0.00000000
     1       1.00000000       1.00000000       1.00000000       1.00000000
      sol1
estado 5.96410690682938          6 6.00674064886569 6.01522823105107
     0       0.00000000 0.56363636       0.00000000       0.00000000
     1       1.00000000 0.43636364       1.00000000       1.00000000
      sol1
estado 6.04050209348755 6.06006343750471 6.11232028258848 6.12648394701007
     0       0.00000000       0.00000000       0.00000000       0.00000000
     1       1.00000000       1.00000000       1.00000000       1.00000000
      sol1
estado 6.22233632237863 6.26190199573611 6.26231750428297 6.26292026970638
     0       0.00000000       0.00000000       0.00000000       0.00000000
     1       1.00000000       1.00000000       1.00000000       1.00000000
      sol1
estado 6.27908543918094 6.28869555299884 6.29804391259075 6.33282789966089
     0       0.00000000       0.00000000       0.00000000       0.00000000
     1       1.00000000       1.00000000       1.00000000       1.00000000
      sol1
estado 6.34426068030443 6.35577156740071 6.36561076187088 6.44604965129254
     0       0.00000000       0.00000000       0.00000000       0.00000000
     1       1.00000000       1.00000000       1.00000000       1.00000000
      sol1
estado 6.46638604979193 6.55896942931328 6.5782928772693 6.6053278498321
     0       0.00000000       0.00000000      0.00000000      0.00000000
     1       1.00000000       1.00000000      1.00000000      1.00000000
      sol1
estado 6.61881114958462 6.63275354786475 6.67730168033375 6.6927660985268
     0       0.00000000       0.00000000       0.00000000      0.00000000
     1       1.00000000       1.00000000       1.00000000      1.00000000
      sol1
estado 6.70120926836943 6.70638254708814 6.72297209893774 6.77441615738354
     0       0.00000000       0.00000000       0.00000000       0.00000000
     1       1.00000000       1.00000000       1.00000000       1.00000000
      sol1
estado 6.78411829305282 6.79138974766349 6.84086479578171 6.86788298727635
     0       0.00000000       0.00000000       0.00000000       0.00000000
     1       1.00000000       1.00000000       1.00000000       1.00000000
      sol1
estado 6.98527540397964 6.99835498907427          7 7.04438702192412
     0       0.00000000       0.00000000 0.90740741       0.00000000
     1       1.00000000       1.00000000 0.09259259       1.00000000
      sol1
estado 7.0818487469158 7.09354179919048 7.16621248256245 7.20995857726761
     0      0.00000000       0.00000000       0.00000000       0.00000000
     1      1.00000000       1.00000000       1.00000000       1.00000000
      sol1
estado 7.2858418484934 7.35949753900885 7.36874860217832 7.40488306754086
     0      0.00000000       0.00000000       0.00000000       0.00000000
     1      1.00000000       1.00000000       1.00000000       1.00000000
      sol1
estado 7.43593362487466 7.46792600666663 7.49375921690072 7.50401256137294
     0       0.00000000       0.00000000       0.00000000       0.00000000
     1       1.00000000       1.00000000       1.00000000       1.00000000
      sol1
estado 7.55462993112352 7.59172854145602 7.61020933471849 7.66148940948099
     0       0.00000000       0.00000000       0.00000000       0.00000000
     1       1.00000000       1.00000000       1.00000000       1.00000000
      sol1
estado 7.69025822863346 7.72323896375982 7.74702829410162 7.95798227904876
     0       0.00000000       0.00000000       0.00000000       0.00000000
     1       1.00000000       1.00000000       1.00000000       1.00000000
      sol1
estado 7.95989695687907 7.97673293437654          8 8.27847506306099
     0       0.00000000       0.00000000 0.77477477       0.00000000
     1       1.00000000       1.00000000 0.22522523       1.00000000
      sol1
estado 8.32519150169926 8.38391282286137 8.40661648580438 8.41051800244906
     0       0.00000000       0.00000000       0.00000000       0.00000000
     1       1.00000000       1.00000000       1.00000000       1.00000000
      sol1
estado 8.59884095747963 8.68005002536351 8.68974354698293 8.71201681298616
     0       0.00000000       0.00000000       0.00000000       0.00000000
     1       1.00000000       1.00000000       1.00000000       1.00000000
      sol1
estado 8.77042571002581 8.78156559456663          9
     0       0.00000000       0.00000000 0.96710526
     1       1.00000000       1.00000000 0.03289474

