
  Bayesian network parameters

  Parameters of node op5 (conditional Gaussian distribution)

Conditional density: op5 | estado
Coefficients:
                     0          1
(Intercept)  0.4281437  0.1526946
Standard deviation of the residuals:
        0          1  
0.4955521  0.3602326  
Discrete parents' configurations:
   estado
0       0
1       1

  Parameters of node op6 (conditional Gaussian distribution)

Conditional density: op6 | op5 + estado
Coefficients:
                     0          1
(Intercept)  0.4083770  0.1872792
op5          0.1650496  0.4793875
Standard deviation of the residuals:
        0          1  
0.4943220  0.4048186  
Discrete parents' configurations:
   estado
0       0
1       1

  Parameters of node programa (conditional Gaussian distribution)

Conditional density: programa | estado
Coefficients:
                    0         1
(Intercept)  4.074850  3.314371
Standard deviation of the residuals:
        0          1  
0.9540946  0.8382576  
Discrete parents' configurations:
   estado
0       0
1       1

  Parameters of node sol1 (multinomial distribution)

Conditional probability table:
                  0 0.0763016595816187 0.0976526342641363  0.299051462513389 
       0.125748503        0.001497006        0.001497006        0.001497006 
 0.305450920872855  0.369743282417298   0.39727540966972  0.473132924301526 
       0.001497006        0.001497006        0.001497006        0.001497006 
 0.476427174777996  0.519061943972214  0.575970245257584  0.621913738101152 
       0.001497006        0.001497006        0.001497006        0.001497006 
 0.838532812267313                  1    2.3115315123034    2.3977892533001 
       0.001497006        0.004491018        0.001497006        0.001497006 
                 3    3.1150108433665                  4   4.00011257481594 
       0.002994012        0.001497006        0.032934132        0.001497006 
  4.00856463356263   4.04682725537708   4.05654455660514   4.07283242555001 
       0.001497006        0.001497006        0.001497006        0.001497006 
  4.10117476093514   4.11987297850658   4.12668166246969   4.23633283798437 
       0.001497006        0.001497006        0.001497006        0.001497006 
   4.2644079178476   4.27394402248592   4.27898883401431   4.31622247554224 
       0.001497006        0.001497006        0.001497006        0.001497006 
   4.3388421160491   4.35469262195977   4.36815171645313   4.39510358619229 
       0.001497006        0.001497006        0.001497006        0.001497006 
  4.42530415322339   4.43789471324255   4.44159144567357   4.51421640165105 
       0.001497006        0.001497006        0.001497006        0.001497006 
  4.52258357522005   4.54194283600623   4.54788253095116   4.56660377535087 
       0.001497006        0.001497006        0.001497006        0.001497006 
  4.58481004128368   4.59950908395241   4.61235239090272   4.61787395465833 
       0.001497006        0.001497006        0.001497006        0.001497006 
   4.6231138834583   4.64564952063504   4.68838235648668   4.69461553404129 
       0.001497006        0.001497006        0.001497006        0.001497006 
  4.74094553276945   4.76419854034211   4.82641619464701   4.86647253395599 
       0.001497006        0.001497006        0.001497006        0.001497006 
  4.87323317695715   4.91690931329206   4.94492338252164                  5 
       0.001497006        0.001497006        0.001497006        0.067365269 
  5.00319649004545   5.01681051197588   5.03160587734262   5.03668164163443 
       0.001497006        0.001497006        0.001497006        0.001497006 
  5.04506911739027   5.05017891874585   5.05639153987828   5.06158537628085 
       0.001497006        0.001497006        0.001497006        0.001497006 
  5.09629795317872     5.100711193085   5.11542666243401   5.12822545538983 
       0.001497006        0.001497006        0.001497006        0.001497006 
  5.15873252000369   5.19285243427501   5.19711524272768    5.2017400536953 
       0.001497006        0.001497006        0.001497006        0.001497006 
  5.22136262166463   5.24414840100555   5.26020704785932   5.28230763817516 
       0.001497006        0.001497006        0.001497006        0.001497006 
  5.33654059598219   5.34099728097138   5.38333697028522   5.41421751627422 
       0.001497006        0.001497006        0.001497006        0.001497006 
  5.44127188691151   5.44403816139655   5.45306434690031   5.46164143680847 
       0.001497006        0.001497006        0.001497006        0.001497006 
  5.51794785141711   5.53016229167422   5.55168141471225   5.55244017434967 
       0.001497006        0.001497006        0.001497006        0.001497006 
  5.56202850677938   5.57847496749112   5.58434345290772   5.62530764063253 
       0.001497006        0.001497006        0.001497006        0.001497006 
  5.62996577078945   5.67896973741889    5.6913381612106    5.7183008090338 
       0.001497006        0.001497006        0.001497006        0.001497006 
  5.73725756178235   5.74862074809518   5.75132684192807   5.80898195754748 
       0.001497006        0.001497006        0.001497006        0.001497006 
  5.83073518652316   5.83497433018275   5.83759711079973    5.8431546108169 
       0.001497006        0.001497006        0.001497006        0.001497006 
  5.84474996865197   5.85204591136676   5.85750487811282   5.89382383530092 
       0.001497006        0.001497006        0.001497006        0.001497006 
  5.90026265798951   5.90986249577928   5.91563805091044   5.92251201514036 
       0.001497006        0.001497006        0.001497006        0.001497006 
  5.93830388454482   5.94207640549391   5.94393585267709   5.98460891594682 
       0.001497006        0.001497006        0.001497006        0.001497006 
                 6   6.07399928973652   6.12066405653781   6.15729615310848 
       0.074850299        0.001497006        0.001497006        0.001497006 
  6.18888522868829   6.21578250663175   6.21784104506026    6.2789594510648 
       0.001497006        0.001497006        0.001497006        0.001497006 
  6.32879315654057   6.43339529111591   6.44848545712914   6.61637380782762 
       0.001497006        0.001497006        0.001497006        0.001497006 
  6.64028429871182   6.67608476584287   6.67842290441913   6.70089708173801 
       0.001497006        0.001497006        0.001497006        0.001497006 
  6.70506284576681   6.71188714581748   6.78455060751842   6.79504489587287 
       0.001497006        0.001497006        0.001497006        0.001497006 
  6.84140860776292   6.84859723656526   6.88569928045675   6.96441531347314 
       0.001497006        0.001497006        0.001497006        0.001497006 
                 7   7.03563787931988   7.13761459713479   7.14032837965983 
       0.076347305        0.001497006        0.001497006        0.001497006 
  7.22083465429659   7.23356410372201   7.26404756428555   7.28347764758394 
       0.001497006        0.001497006        0.001497006        0.001497006 
  7.35591506027243   7.35707902260063   7.41647452706922   7.56237931662907 
       0.001497006        0.001497006        0.001497006        0.001497006 
  7.56895493666297   7.63786402182918   7.63894175566763   7.64946371135487 
       0.001497006        0.001497006        0.001497006        0.001497006 
  7.65590157550576   7.68979480251144   7.72134250710313   7.79166736821768 
       0.001497006        0.001497006        0.001497006        0.001497006 
  7.82452551112662   7.85473162367607   7.94335442972368   7.94583985769341 
       0.001497006        0.001497006        0.001497006        0.001497006 
                 8   8.30509308492478   8.40773327735434   8.46477447295617 
       0.145209581        0.001497006        0.001497006        0.001497006 
  8.95404241082258                  9 
       0.001497006        0.223053892 

  Parameters of node estado (multinomial distribution)

Conditional probability table:
 
      sol1
estado           0 0.0763016595816187 0.0976526342641363 0.299051462513389
     0 0.000000000        0.000000000        0.000000000       0.000000000
     1 1.000000000        1.000000000        1.000000000       1.000000000
      sol1
estado 0.305450920872855 0.369743282417298 0.39727540966972 0.473132924301526
     0       0.000000000       0.000000000      0.000000000       0.000000000
     1       1.000000000       1.000000000      1.000000000       1.000000000
      sol1
estado 0.476427174777996 0.519061943972214 0.575970245257584 0.621913738101152
     0       0.000000000       0.000000000       0.000000000       0.000000000
     1       1.000000000       1.000000000       1.000000000       1.000000000
      sol1
estado 0.838532812267313           1 2.3115315123034 2.3977892533001
     0       0.000000000 0.666666667     0.000000000     0.000000000
     1       1.000000000 0.333333333     1.000000000     1.000000000
      sol1
estado           3 3.1150108433665           4 4.00011257481594
     0 1.000000000     0.000000000 0.363636364      0.000000000
     1 0.000000000     1.000000000 0.636363636      1.000000000
      sol1
estado 4.00856463356263 4.04682725537708 4.05654455660514 4.07283242555001
     0      0.000000000      0.000000000      0.000000000      0.000000000
     1      1.000000000      1.000000000      1.000000000      1.000000000
      sol1
estado 4.10117476093514 4.11987297850658 4.12668166246969 4.23633283798437
     0      0.000000000      0.000000000      0.000000000      0.000000000
     1      1.000000000      1.000000000      1.000000000      1.000000000
      sol1
estado 4.2644079178476 4.27394402248592 4.27898883401431 4.31622247554224
     0     0.000000000      0.000000000      0.000000000      0.000000000
     1     1.000000000      1.000000000      1.000000000      1.000000000
      sol1
estado 4.3388421160491 4.35469262195977 4.36815171645313 4.39510358619229
     0     0.000000000      0.000000000      0.000000000      0.000000000
     1     1.000000000      1.000000000      1.000000000      1.000000000
      sol1
estado 4.42530415322339 4.43789471324255 4.44159144567357 4.51421640165105
     0      0.000000000      0.000000000      0.000000000      0.000000000
     1      1.000000000      1.000000000      1.000000000      1.000000000
      sol1
estado 4.52258357522005 4.54194283600623 4.54788253095116 4.56660377535087
     0      0.000000000      0.000000000      0.000000000      0.000000000
     1      1.000000000      1.000000000      1.000000000      1.000000000
      sol1
estado 4.58481004128368 4.59950908395241 4.61235239090272 4.61787395465833
     0      0.000000000      0.000000000      0.000000000      0.000000000
     1      1.000000000      1.000000000      1.000000000      1.000000000
      sol1
estado 4.6231138834583 4.64564952063504 4.68838235648668 4.69461553404129
     0     0.000000000      0.000000000      0.000000000      0.000000000
     1     1.000000000      1.000000000      1.000000000      1.000000000
      sol1
estado 4.74094553276945 4.76419854034211 4.82641619464701 4.86647253395599
     0      0.000000000      0.000000000      0.000000000      0.000000000
     1      1.000000000      1.000000000      1.000000000      1.000000000
      sol1
estado 4.87323317695715 4.91690931329206 4.94492338252164           5
     0      0.000000000      0.000000000      0.000000000 0.355555556
     1      1.000000000      1.000000000      1.000000000 0.644444444
      sol1
estado 5.00319649004545 5.01681051197588 5.03160587734262 5.03668164163443
     0      0.000000000      0.000000000      0.000000000      0.000000000
     1      1.000000000      1.000000000      1.000000000      1.000000000
      sol1
estado 5.04506911739027 5.05017891874585 5.05639153987828 5.06158537628085
     0      0.000000000      0.000000000      0.000000000      0.000000000
     1      1.000000000      1.000000000      1.000000000      1.000000000
      sol1
estado 5.09629795317872 5.100711193085 5.11542666243401 5.12822545538983
     0      0.000000000    0.000000000      0.000000000      0.000000000
     1      1.000000000    1.000000000      1.000000000      1.000000000
      sol1
estado 5.15873252000369 5.19285243427501 5.19711524272768 5.2017400536953
     0      0.000000000      0.000000000      0.000000000     0.000000000
     1      1.000000000      1.000000000      1.000000000     1.000000000
      sol1
estado 5.22136262166463 5.24414840100555 5.26020704785932 5.28230763817516
     0      0.000000000      0.000000000      0.000000000      0.000000000
     1      1.000000000      1.000000000      1.000000000      1.000000000
      sol1
estado 5.33654059598219 5.34099728097138 5.38333697028522 5.41421751627422
     0      0.000000000      0.000000000      0.000000000      0.000000000
     1      1.000000000      1.000000000      1.000000000      1.000000000
      sol1
estado 5.44127188691151 5.44403816139655 5.45306434690031 5.46164143680847
     0      0.000000000      0.000000000      0.000000000      0.000000000
     1      1.000000000      1.000000000      1.000000000      1.000000000
      sol1
estado 5.51794785141711 5.53016229167422 5.55168141471225 5.55244017434967
     0      0.000000000      0.000000000      0.000000000      0.000000000
     1      1.000000000      1.000000000      1.000000000      1.000000000
      sol1
estado 5.56202850677938 5.57847496749112 5.58434345290772 5.62530764063253
     0      0.000000000      0.000000000      0.000000000      0.000000000
     1      1.000000000      1.000000000      1.000000000      1.000000000
      sol1
estado 5.62996577078945 5.67896973741889 5.6913381612106 5.7183008090338
     0      0.000000000      0.000000000     0.000000000     0.000000000
     1      1.000000000      1.000000000     1.000000000     1.000000000
      sol1
estado 5.73725756178235 5.74862074809518 5.75132684192807 5.80898195754748
     0      0.000000000      0.000000000      0.000000000      0.000000000
     1      1.000000000      1.000000000      1.000000000      1.000000000
      sol1
estado 5.83073518652316 5.83497433018275 5.83759711079973 5.8431546108169
     0      0.000000000      0.000000000      0.000000000     0.000000000
     1      1.000000000      1.000000000      1.000000000     1.000000000
      sol1
estado 5.84474996865197 5.85204591136676 5.85750487811282 5.89382383530092
     0      0.000000000      0.000000000      0.000000000      0.000000000
     1      1.000000000      1.000000000      1.000000000      1.000000000
      sol1
estado 5.90026265798951 5.90986249577928 5.91563805091044 5.92251201514036
     0      0.000000000      0.000000000      0.000000000      0.000000000
     1      1.000000000      1.000000000      1.000000000      1.000000000
      sol1
estado 5.93830388454482 5.94207640549391 5.94393585267709 5.98460891594682
     0      0.000000000      0.000000000      0.000000000      0.000000000
     1      1.000000000      1.000000000      1.000000000      1.000000000
      sol1
estado           6 6.07399928973652 6.12066405653781 6.15729615310848
     0 0.600000000      0.000000000      0.000000000      0.000000000
     1 0.400000000      1.000000000      1.000000000      1.000000000
      sol1
estado 6.18888522868829 6.21578250663175 6.21784104506026 6.2789594510648
     0      0.000000000      0.000000000      0.000000000     0.000000000
     1      1.000000000      1.000000000      1.000000000     1.000000000
      sol1
estado 6.32879315654057 6.43339529111591 6.44848545712914 6.61637380782762
     0      0.000000000      0.000000000      0.000000000      0.000000000
     1      1.000000000      1.000000000      1.000000000      1.000000000
      sol1
estado 6.64028429871182 6.67608476584287 6.67842290441913 6.70089708173801
     0      0.000000000      0.000000000      0.000000000      0.000000000
     1      1.000000000      1.000000000      1.000000000      1.000000000
      sol1
estado 6.70506284576681 6.71188714581748 6.78455060751842 6.79504489587287
     0      0.000000000      0.000000000      0.000000000      0.000000000
     1      1.000000000      1.000000000      1.000000000      1.000000000
      sol1
estado 6.84140860776292 6.84859723656526 6.88569928045675 6.96441531347314
     0      0.000000000      0.000000000      0.000000000      0.000000000
     1      1.000000000      1.000000000      1.000000000      1.000000000
      sol1
estado           7 7.03563787931988 7.13761459713479 7.14032837965983
     0 0.862745098      0.000000000      0.000000000      0.000000000
     1 0.137254902      1.000000000      1.000000000      1.000000000
      sol1
estado 7.22083465429659 7.23356410372201 7.26404756428555 7.28347764758394
     0      0.000000000      0.000000000      0.000000000      0.000000000
     1      1.000000000      1.000000000      1.000000000      1.000000000
      sol1
estado 7.35591506027243 7.35707902260063 7.41647452706922 7.56237931662907
     0      0.000000000      0.000000000      0.000000000      0.000000000
     1      1.000000000      1.000000000      1.000000000      1.000000000
      sol1
estado 7.56895493666297 7.63786402182918 7.63894175566763 7.64946371135487
     0      0.000000000      0.000000000      0.000000000      0.000000000
     1      1.000000000      1.000000000      1.000000000      1.000000000
      sol1
estado 7.65590157550576 7.68979480251144 7.72134250710313 7.79166736821768
     0      0.000000000      0.000000000      0.000000000      0.000000000
     1      1.000000000      1.000000000      1.000000000      1.000000000
      sol1
estado 7.82452551112662 7.85473162367607 7.94335442972368 7.94583985769341
     0      0.000000000      0.000000000      0.000000000      0.000000000
     1      1.000000000      1.000000000      1.000000000      1.000000000
      sol1
estado           8 8.30509308492478 8.40773327735434 8.46477447295617
     0 0.865979381      0.000000000      0.000000000      0.000000000
     1 0.134020619      1.000000000      1.000000000      1.000000000
      sol1
estado 8.95404241082258           9
     0      0.000000000 0.993288591
     1      1.000000000 0.006711409

