
  Bayesian network parameters

  Parameters of node game_score (multinomial distribution)

Conditional probability table:
                  0   0.01172588104282 0.0160574572927574 0.0199521240016688 
       0.341317365        0.001497006        0.001497006        0.001497006 
0.0424023612109183 0.0434411039396403 0.0459533372036078 0.0640028582394756 
       0.001497006        0.001497006        0.001497006        0.001497006 
0.0878555652975138 0.0992737158989103 0.0992827347991226  0.100992483900269 
       0.001497006        0.001497006        0.001497006        0.001497006 
 0.126546452776833  0.156740738688258  0.161043913441358  0.169921272295527 
       0.001497006        0.001497006        0.001497006        0.001497006 
 0.174825455652054  0.175252070358342  0.183899411391815  0.219178955085972 
       0.001497006        0.001497006        0.001497006        0.001497006 
 0.245478788381137  0.253420364051977   0.26224699254671  0.282866734975418 
       0.001497006        0.001497006        0.001497006        0.001497006 
 0.284389514777879  0.307580491834879  0.312624333871828  0.315824547332608 
       0.001497006        0.001497006        0.001497006        0.001497006 
  0.35836439888279  0.367169178841766  0.376137412237776  0.378848558991615 
       0.001497006        0.001497006        0.001497006        0.001497006 
 0.380466047712056  0.381476731026345  0.385051185599745  0.392834883299681 
       0.001497006        0.001497006        0.001497006        0.001497006 
 0.393485235809667  0.465176360567163   0.47068925509346  0.472039410983047 
       0.001497006        0.001497006        0.001497006        0.001497006 
 0.472436307706749  0.473491391792372  0.510645732997871  0.528526394594679 
       0.001497006        0.001497006        0.001497006        0.001497006 
 0.530398962247866   0.53599086701722  0.544165022887735  0.553264234337389 
       0.001497006        0.001497006        0.001497006        0.001497006 
 0.553364122808431   0.55580701052279  0.559438194776324  0.586018522639572 
       0.001497006        0.001497006        0.001497006        0.001497006 
 0.586276607896693  0.614632493949303  0.616888773454472  0.630250392850095 
       0.001497006        0.001497006        0.001497006        0.001497006 
 0.651784474988381  0.673795023955054  0.681233731978608  0.685404905566912 
       0.001497006        0.001497006        0.001497006        0.001497006 
 0.688137652857901  0.699221787344438  0.701982331595879  0.726356813229156 
       0.001497006        0.001497006        0.001497006        0.001497006 
 0.745638923730456  0.753511004832077  0.788498628163577  0.788767252667243 
       0.001497006        0.001497006        0.001497006        0.001497006 
 0.802776317436739  0.803541540404294   0.80775503892951  0.817390732417035 
       0.001497006        0.001497006        0.001497006        0.001497006 
 0.837553342794724  0.850663111410188  0.853796835091815  0.855787675033208 
       0.001497006        0.001497006        0.001497006        0.001497006 
 0.865569871345821  0.887590566735077  0.899753339977688   0.90428720525584 
       0.001497006        0.001497006        0.001497006        0.001497006 
  0.91791972003949  0.921484641402998   0.93177774935693  0.933712431902412 
       0.001497006        0.001497006        0.001497006        0.001497006 
 0.934543753286226  0.938183780095763  0.944386474892111  0.949443817345639 
       0.001497006        0.001497006        0.001497006        0.001497006 
 0.951305598065401  0.954126526697306  0.959543108401781  0.992265177947369 
       0.001497006        0.001497006        0.001497006        0.001497006 
                 1    1.0530303559101   1.06837336578054   1.11714077592135 
       0.250000000        0.001497006        0.001497006        0.001497006 
  1.11732870940902   1.11802299299375   1.14746229709958   1.15310828862247 
       0.001497006        0.001497006        0.001497006        0.001497006 
  1.15717029884774   1.19214451788537   1.20644605315345   1.24084093788042 
       0.001497006        0.001497006        0.001497006        0.001497006 
  1.27955292776925    1.2890106838028   1.29801751323914   1.30030051310776 
       0.001497006        0.001497006        0.001497006        0.001497006 
  1.31327238531195   1.32628681775492   1.34194424141104    1.3455794870315 
       0.001497006        0.001497006        0.001497006        0.001497006 
  1.36684946284475   1.38812380802162   1.46111179966245   1.48260211192451 
       0.001497006        0.001497006        0.001497006        0.001497006 
  1.52445292348059   1.55769825964796   1.56239008167785   1.62226792826751 
       0.001497006        0.001497006        0.001497006        0.001497006 
  1.65272526737927   1.66671082369826   1.66847042315459   1.68813142082941 
       0.001497006        0.001497006        0.001497006        0.001497006 
  1.69571305638837   1.70772251143577   1.72763473162579   1.75751653684985 
       0.001497006        0.001497006        0.001497006        0.001497006 
  1.78342355329617   1.79689548516122   1.80681676615529   1.80851897384405 
       0.001497006        0.001497006        0.001497006        0.001497006 
  1.83422735439532   1.85472754076456   1.85715015459694   1.86579193844423 
       0.001497006        0.001497006        0.001497006        0.001497006 
  1.93217558295091   1.93370627912335    1.9373283511167   1.96052822118222 
       0.001497006        0.001497006        0.001497006        0.001497006 
  1.97357945984976   1.99423739854772                  2                  3 
       0.001497006        0.001497006        0.154191617        0.029940120 
                 4                  5 
       0.013473054        0.001497006 

  Parameters of node op1 (conditional Gaussian distribution)

Conditional density: op1 | score + score_d + programa + estado
Coefficients:
                       0            1
(Intercept)   0.70445272   0.23083009
score         0.00290242  -0.05771746
score_d       0.04254985   0.18406289
programa     -0.06055557   0.03428958
Standard deviation of the residuals:
        0          1  
0.4910498  0.4540528  
Discrete parents' configurations:
   estado
0       0
1       1

  Parameters of node op5 (conditional Gaussian distribution)

Conditional density: op5 | op1 + score_d + programa + estado
Coefficients:
                       0            1
(Intercept)   0.35924962   0.83974929
op1           0.18040854  -0.26077315
score_d       0.01318300  -0.12297532
programa     -0.01699585  -0.08640095
Standard deviation of the residuals:
        0          1  
0.4874798  0.3858270  
Discrete parents' configurations:
   estado
0       0
1       1

  Parameters of node score (conditional Gaussian distribution)

Conditional density: score | estado
Coefficients:
                    0         1
(Intercept)  7.077844  6.338323
Standard deviation of the residuals:
       0         1  
2.163009  1.876654  
Discrete parents' configurations:
   estado
0       0
1       1

  Parameters of node score_a (Gaussian distribution)

Conditional density: score_a | op1 + op5 + score + score_d + programa
Coefficients:
(Intercept)          op1          op5        score      score_d     programa  
 -0.4337901    0.1147959   -0.1161604    0.5372576    0.2535355    0.1086149  
Standard deviation of the residuals: 0.6613973 

  Parameters of node score_d (conditional Gaussian distribution)

Conditional density: score_d | score + estado
Coefficients:
                      0           1
(Intercept)  -0.1208385  -0.1479430
score         0.3267175   0.3100675
Standard deviation of the residuals:
        0          1  
0.7711505  0.6039704  
Discrete parents' configurations:
   estado
0       0
1       1

  Parameters of node score_s (conditional Gaussian distribution)

Conditional density: score_s | op1 + score + score_a + score_d + programa + estado
Coefficients:
                        0             1
(Intercept)   0.622974371   0.867676153
op1           0.013528250  -0.134001252
score         0.140412978  -0.128967805
score_a      -0.048719204   0.398823600
score_d       0.391636288   0.420071361
programa     -0.009903806  -0.108598611
Standard deviation of the residuals:
        0          1  
0.6319634  0.5382805  
Discrete parents' configurations:
   estado
0       0
1       1

  Parameters of node programa (conditional Gaussian distribution)

Conditional density: programa | score + estado
Coefficients:
                       0            1
(Intercept)   4.59035214   3.76894091
score        -0.07367919  -0.05235062
Standard deviation of the residuals:
        0          1  
0.9615476  0.7702401  
Discrete parents' configurations:
   estado
0       0
1       1

  Parameters of node sol1 (multinomial distribution)

Conditional probability table:
                 0 0.234281551842708 0.382851178976638 0.600601026215529 
      0.059880240       0.001497006       0.001497006       0.001497006 
0.683888482822074 0.768979844281962                 1  1.05750685918212 
      0.001497006       0.001497006       0.001497006       0.001497006 
 1.16237524180313   1.2474493885684  1.47899842859962  1.52322153273904 
      0.001497006       0.001497006       0.001497006       0.001497006 
 1.58375701482987  1.87840415100854  1.95741706800852                 2 
      0.001497006       0.001497006       0.001497006       0.001497006 
 2.16171216780653  2.96135576199935                 3  3.04182419786218 
      0.001497006       0.001497006       0.001497006       0.001497006 
 3.21850751559524  3.30069817739178  3.35582434623457  3.49381418889267 
      0.001497006       0.001497006       0.001497006       0.001497006 
  3.5570447600433  3.57805242611061  3.93577017082897                 4 
      0.001497006       0.001497006       0.001497006       0.017964072 
 4.00576260145228  4.04242795052525  4.05066690873691  4.06400285823948 
      0.001497006       0.001497006       0.001497006       0.001497006 
 4.08407590032569  4.09927371589891  4.10145122926289  4.11282721480385 
      0.001497006       0.001497006       0.001497006       0.001497006 
 4.19148102615595  4.25040438176818  4.28976291231144  4.29313830394835 
      0.001497006       0.001497006       0.001497006       0.001497006 
 4.31679434615743  4.33154529120937   4.3406168659893  4.36716917884177 
      0.001497006       0.001497006       0.001497006       0.001497006 
 4.38046604771206  4.38066184053966  4.38505118559975  4.38636646768941 
      0.001497006       0.001497006       0.001497006       0.001497006 
 4.39283488329968  4.41287064401825  4.44230174035204  4.46517636056716 
      0.001497006       0.001497006       0.001497006       0.001497006 
 4.48965675145226    4.496228408169  4.55943819477632  4.62173428658371 
      0.001497006       0.001497006       0.001497006       0.001497006 
  4.6290441417055  4.65178447498838  4.66687984757941  4.70259439955654 
      0.001497006       0.001497006       0.001497006       0.001497006 
 4.71842141922262  4.72949212422176  4.79711056109772  4.80277631743674 
      0.001497006       0.001497006       0.001497006       0.001497006 
 4.80968048925146  4.82193507027769  4.86304019611589  4.88267129059098 
      0.001497006       0.001497006       0.001497006       0.001497006 
 4.91405983330185  4.91719204443593   4.9208985566989  4.92490861368893 
      0.001497006       0.001497006       0.001497006       0.001497006 
 4.92933092191597  4.94366394956846   4.9448726154135  4.97485163657457 
      0.001497006       0.001497006       0.001497006       0.001497006 
                5   5.0010492567369  5.01172588104282  5.02820271058811 
      0.095808383       0.001497006       0.001497006       0.001497006 
 5.04045689159822  5.04587347330269  5.05055618265436  5.05274696799369 
      0.001497006       0.001497006       0.001497006       0.001497006 
 5.09741967543583  5.12674536847212  5.14580925376967  5.15231411879055 
      0.001497006       0.001497006       0.001497006       0.001497006 
 5.15674073868826  5.19170337612901  5.20512009734161  5.24107286489176 
      0.001497006       0.001497006       0.001497006       0.001497006 
 5.25943075333153  5.26185640652038  5.27208251144387  5.31327238531195 
      0.001497006       0.001497006       0.001497006       0.001497006 
 5.34443619011961  5.34607232378368  5.36595933624801  5.37281946186523 
      0.001497006       0.001497006       0.001497006       0.001497006 
 5.39348523580967  5.45040704229371  5.45207498691692  5.45786392655549 
      0.001497006       0.001497006       0.001497006       0.001497006 
 5.47151089654322  5.49982800109627  5.51202675201481  5.52796058901695 
      0.001497006       0.001497006       0.001497006       0.001497006 
 5.56682000029643  5.56827283848742  5.60309424374456  5.61688877345447 
      0.001497006       0.001497006       0.001497006       0.001497006 
 5.63478146483407  5.64062942521761  5.64163560111721   5.6544205129685 
      0.001497006       0.001497006       0.001497006       0.001497006 
 5.66671082369826  5.67706566411121  5.69241950816512  5.70132622282038 
      0.001497006       0.001497006       0.001497006       0.001497006 
 5.70330246368068  5.70507540580085  5.70699073868021  5.71713326502458 
      0.001497006       0.001497006       0.001497006       0.001497006 
 5.72763473162579  5.77917187660386  5.78082104491403  5.82093263065504 
      0.001497006       0.001497006       0.001497006       0.001497006 
 5.82625664132289    5.842969282806     5.85114197674  5.85472754076456 
      0.001497006       0.001497006       0.001497006       0.001497006 
 5.85512901221233  5.87636756019153  5.89584590402446  5.90071726520088 
      0.001497006       0.001497006       0.001497006       0.001497006 
 5.90233463796669  5.90492716979273  5.91376214036465  5.91451733500535 
      0.001497006       0.001497006       0.001497006       0.001497006 
 5.92239299249318  5.93763847655584   5.9513055980654  5.95655889606036 
      0.001497006       0.001497006       0.001497006       0.001497006 
  5.9700384592975                 6  6.08418396356234  6.10209737542792 
      0.001497006       0.052395210       0.001497006       0.001497006 
 6.19719798564558   6.2717782968861  6.28069525263772   6.2890106838028 
      0.001497006       0.001497006       0.001497006       0.001497006 
  6.2979055926779  6.32784986040506   6.4070735482827  6.47065742310054 
      0.001497006       0.001497006       0.001497006       0.001497006 
 6.48839776692105  6.51332447217859  6.55910585553851  6.69562450296885 
      0.001497006       0.001497006       0.001497006       0.001497006 
 6.71430030919388   6.7296624329337  6.76026109215593  6.77073501210139 
      0.001497006       0.001497006       0.001497006       0.001497006 
 6.77624761604324  6.81918886132808  6.84090947005769  6.87609695294824 
      0.001497006       0.001497006       0.001497006       0.001497006 
 6.95713725771505  6.96965197530925  6.99139661174949                 7 
      0.001497006       0.001497006       0.001497006       0.083832335 
 7.02981735767975  7.03990424800334  7.05284108030048  7.08480472242184 
      0.001497006       0.001497006       0.001497006       0.001497006 
 7.12316753430731  7.13319621519746  7.19971828601871  7.23534462754673 
      0.001497006       0.001497006       0.001497006       0.001497006 
 7.24547878838114  7.25061361122198  7.27254961054956  7.29801751323914 
      0.001497006       0.001497006       0.001497006       0.001497006 
 7.34078270327148  7.35621795417806  7.39142611277674  7.40620902967756 
      0.001497006       0.001497006       0.001497006       0.001497006 
 7.42260348994668  7.42664122955822  7.58557918378404  7.66305915369082 
      0.001497006       0.001497006       0.001497006       0.001497006 
 7.67513532994425  7.69778717893757  7.70986902695515  7.73158387688847 
      0.001497006       0.001497006       0.001497006       0.001497006 
 7.75227482447555  7.79801503219946   7.8119850533501   7.8674125582467 
      0.001497006       0.001497006       0.001497006       0.001497006 
 7.89826337442636  7.93177774935693                 8  8.10672824561686 
      0.001497006       0.001497006       0.154191617       0.001497006 
  8.2427696777564  8.27267924248704  8.34742636449016  8.75375916011847 
      0.001497006       0.001497006       0.001497006       0.001497006 
 8.77518113347015  8.79950667995538  8.86908750657245   8.8939392881798 
      0.001497006       0.001497006       0.001497006       0.001497006 
                9 
      0.227544910 

  Parameters of node estado (multinomial distribution)

Conditional probability table:
 
      sol1
estado          0 0.234281551842708 0.382851178976638 0.600601026215529
     0 0.00000000        0.00000000        0.00000000        0.00000000
     1 1.00000000        1.00000000        1.00000000        1.00000000
      sol1
estado 0.683888482822074 0.768979844281962          1 1.05750685918212
     0        0.00000000        0.00000000 1.00000000       0.00000000
     1        1.00000000        1.00000000 0.00000000       1.00000000
      sol1
estado 1.16237524180313 1.2474493885684 1.47899842859962 1.52322153273904
     0       0.00000000      0.00000000       0.00000000       0.00000000
     1       1.00000000      1.00000000       1.00000000       1.00000000
      sol1
estado 1.58375701482987 1.87840415100854 1.95741706800852          2
     0       0.00000000       0.00000000       0.00000000 0.00000000
     1       1.00000000       1.00000000       1.00000000 1.00000000
      sol1
estado 2.16171216780653 2.96135576199935          3 3.04182419786218
     0       0.00000000       0.00000000 1.00000000       0.00000000
     1       1.00000000       1.00000000 0.00000000       1.00000000
      sol1
estado 3.21850751559524 3.30069817739178 3.35582434623457 3.49381418889267
     0       0.00000000       0.00000000       0.00000000       0.00000000
     1       1.00000000       1.00000000       1.00000000       1.00000000
      sol1
estado 3.5570447600433 3.57805242611061 3.93577017082897          4
     0      0.00000000       0.00000000       0.00000000 0.50000000
     1      1.00000000       1.00000000       1.00000000 0.50000000
      sol1
estado 4.00576260145228 4.04242795052525 4.05066690873691 4.06400285823948
     0       0.00000000       0.00000000       0.00000000       0.00000000
     1       1.00000000       1.00000000       1.00000000       1.00000000
      sol1
estado 4.08407590032569 4.09927371589891 4.10145122926289 4.11282721480385
     0       0.00000000       0.00000000       0.00000000       0.00000000
     1       1.00000000       1.00000000       1.00000000       1.00000000
      sol1
estado 4.19148102615595 4.25040438176818 4.28976291231144 4.29313830394835
     0       0.00000000       0.00000000       0.00000000       0.00000000
     1       1.00000000       1.00000000       1.00000000       1.00000000
      sol1
estado 4.31679434615743 4.33154529120937 4.3406168659893 4.36716917884177
     0       0.00000000       0.00000000      0.00000000       0.00000000
     1       1.00000000       1.00000000      1.00000000       1.00000000
      sol1
estado 4.38046604771206 4.38066184053966 4.38505118559975 4.38636646768941
     0       0.00000000       0.00000000       0.00000000       0.00000000
     1       1.00000000       1.00000000       1.00000000       1.00000000
      sol1
estado 4.39283488329968 4.41287064401825 4.44230174035204 4.46517636056716
     0       0.00000000       0.00000000       0.00000000       0.00000000
     1       1.00000000       1.00000000       1.00000000       1.00000000
      sol1
estado 4.48965675145226 4.496228408169 4.55943819477632 4.62173428658371
     0       0.00000000     0.00000000       0.00000000       0.00000000
     1       1.00000000     1.00000000       1.00000000       1.00000000
      sol1
estado 4.6290441417055 4.65178447498838 4.66687984757941 4.70259439955654
     0      0.00000000       0.00000000       0.00000000       0.00000000
     1      1.00000000       1.00000000       1.00000000       1.00000000
      sol1
estado 4.71842141922262 4.72949212422176 4.79711056109772 4.80277631743674
     0       0.00000000       0.00000000       0.00000000       0.00000000
     1       1.00000000       1.00000000       1.00000000       1.00000000
      sol1
estado 4.80968048925146 4.82193507027769 4.86304019611589 4.88267129059098
     0       0.00000000       0.00000000       0.00000000       0.00000000
     1       1.00000000       1.00000000       1.00000000       1.00000000
      sol1
estado 4.91405983330185 4.91719204443593 4.9208985566989 4.92490861368893
     0       0.00000000       0.00000000      0.00000000       0.00000000
     1       1.00000000       1.00000000      1.00000000       1.00000000
      sol1
estado 4.92933092191597 4.94366394956846 4.9448726154135 4.97485163657457
     0       0.00000000       0.00000000      0.00000000       0.00000000
     1       1.00000000       1.00000000      1.00000000       1.00000000
      sol1
estado          5 5.0010492567369 5.01172588104282 5.02820271058811
     0 0.21875000      0.00000000       0.00000000       0.00000000
     1 0.78125000      1.00000000       1.00000000       1.00000000
      sol1
estado 5.04045689159822 5.04587347330269 5.05055618265436 5.05274696799369
     0       0.00000000       0.00000000       0.00000000       0.00000000
     1       1.00000000       1.00000000       1.00000000       1.00000000
      sol1
estado 5.09741967543583 5.12674536847212 5.14580925376967 5.15231411879055
     0       0.00000000       0.00000000       0.00000000       0.00000000
     1       1.00000000       1.00000000       1.00000000       1.00000000
      sol1
estado 5.15674073868826 5.19170337612901 5.20512009734161 5.24107286489176
     0       0.00000000       0.00000000       0.00000000       0.00000000
     1       1.00000000       1.00000000       1.00000000       1.00000000
      sol1
estado 5.25943075333153 5.26185640652038 5.27208251144387 5.31327238531195
     0       0.00000000       0.00000000       0.00000000       0.00000000
     1       1.00000000       1.00000000       1.00000000       1.00000000
      sol1
estado 5.34443619011961 5.34607232378368 5.36595933624801 5.37281946186523
     0       0.00000000       0.00000000       0.00000000       0.00000000
     1       1.00000000       1.00000000       1.00000000       1.00000000
      sol1
estado 5.39348523580967 5.45040704229371 5.45207498691692 5.45786392655549
     0       0.00000000       0.00000000       0.00000000       0.00000000
     1       1.00000000       1.00000000       1.00000000       1.00000000
      sol1
estado 5.47151089654322 5.49982800109627 5.51202675201481 5.52796058901695
     0       0.00000000       0.00000000       0.00000000       0.00000000
     1       1.00000000       1.00000000       1.00000000       1.00000000
      sol1
estado 5.56682000029643 5.56827283848742 5.60309424374456 5.61688877345447
     0       0.00000000       0.00000000       0.00000000       0.00000000
     1       1.00000000       1.00000000       1.00000000       1.00000000
      sol1
estado 5.63478146483407 5.64062942521761 5.64163560111721 5.6544205129685
     0       0.00000000       0.00000000       0.00000000      0.00000000
     1       1.00000000       1.00000000       1.00000000      1.00000000
      sol1
estado 5.66671082369826 5.67706566411121 5.69241950816512 5.70132622282038
     0       0.00000000       0.00000000       0.00000000       0.00000000
     1       1.00000000       1.00000000       1.00000000       1.00000000
      sol1
estado 5.70330246368068 5.70507540580085 5.70699073868021 5.71713326502458
     0       0.00000000       0.00000000       0.00000000       0.00000000
     1       1.00000000       1.00000000       1.00000000       1.00000000
      sol1
estado 5.72763473162579 5.77917187660386 5.78082104491403 5.82093263065504
     0       0.00000000       0.00000000       0.00000000       0.00000000
     1       1.00000000       1.00000000       1.00000000       1.00000000
      sol1
estado 5.82625664132289 5.842969282806 5.85114197674 5.85472754076456
     0       0.00000000     0.00000000    0.00000000       0.00000000
     1       1.00000000     1.00000000    1.00000000       1.00000000
      sol1
estado 5.85512901221233 5.87636756019153 5.89584590402446 5.90071726520088
     0       0.00000000       0.00000000       0.00000000       0.00000000
     1       1.00000000       1.00000000       1.00000000       1.00000000
      sol1
estado 5.90233463796669 5.90492716979273 5.91376214036465 5.91451733500535
     0       0.00000000       0.00000000       0.00000000       0.00000000
     1       1.00000000       1.00000000       1.00000000       1.00000000
      sol1
estado 5.92239299249318 5.93763847655584 5.9513055980654 5.95655889606036
     0       0.00000000       0.00000000      0.00000000       0.00000000
     1       1.00000000       1.00000000      1.00000000       1.00000000
      sol1
estado 5.9700384592975          6 6.08418396356234 6.10209737542792
     0      0.00000000 0.77142857       0.00000000       0.00000000
     1      1.00000000 0.22857143       1.00000000       1.00000000
      sol1
estado 6.19719798564558 6.2717782968861 6.28069525263772 6.2890106838028
     0       0.00000000      0.00000000       0.00000000      0.00000000
     1       1.00000000      1.00000000       1.00000000      1.00000000
      sol1
estado 6.2979055926779 6.32784986040506 6.4070735482827 6.47065742310054
     0      0.00000000       0.00000000      0.00000000       0.00000000
     1      1.00000000       1.00000000      1.00000000       1.00000000
      sol1
estado 6.48839776692105 6.51332447217859 6.55910585553851 6.69562450296885
     0       0.00000000       0.00000000       0.00000000       0.00000000
     1       1.00000000       1.00000000       1.00000000       1.00000000
      sol1
estado 6.71430030919388 6.7296624329337 6.76026109215593 6.77073501210139
     0       0.00000000      0.00000000       0.00000000       0.00000000
     1       1.00000000      1.00000000       1.00000000       1.00000000
      sol1
estado 6.77624761604324 6.81918886132808 6.84090947005769 6.87609695294824
     0       0.00000000       0.00000000       0.00000000       0.00000000
     1       1.00000000       1.00000000       1.00000000       1.00000000
      sol1
estado 6.95713725771505 6.96965197530925 6.99139661174949          7
     0       0.00000000       0.00000000       0.00000000 0.94642857
     1       1.00000000       1.00000000       1.00000000 0.05357143
      sol1
estado 7.02981735767975 7.03990424800334 7.05284108030048 7.08480472242184
     0       0.00000000       0.00000000       0.00000000       0.00000000
     1       1.00000000       1.00000000       1.00000000       1.00000000
      sol1
estado 7.12316753430731 7.13319621519746 7.19971828601871 7.23534462754673
     0       0.00000000       0.00000000       0.00000000       0.00000000
     1       1.00000000       1.00000000       1.00000000       1.00000000
      sol1
estado 7.24547878838114 7.25061361122198 7.27254961054956 7.29801751323914
     0       0.00000000       0.00000000       0.00000000       0.00000000
     1       1.00000000       1.00000000       1.00000000       1.00000000
      sol1
estado 7.34078270327148 7.35621795417806 7.39142611277674 7.40620902967756
     0       0.00000000       0.00000000       0.00000000       0.00000000
     1       1.00000000       1.00000000       1.00000000       1.00000000
      sol1
estado 7.42260348994668 7.42664122955822 7.58557918378404 7.66305915369082
     0       0.00000000       0.00000000       0.00000000       0.00000000
     1       1.00000000       1.00000000       1.00000000       1.00000000
      sol1
estado 7.67513532994425 7.69778717893757 7.70986902695515 7.73158387688847
     0       0.00000000       0.00000000       0.00000000       0.00000000
     1       1.00000000       1.00000000       1.00000000       1.00000000
      sol1
estado 7.75227482447555 7.79801503219946 7.8119850533501 7.8674125582467
     0       0.00000000       0.00000000      0.00000000      0.00000000
     1       1.00000000       1.00000000      1.00000000      1.00000000
      sol1
estado 7.89826337442636 7.93177774935693          8 8.10672824561686
     0       0.00000000       0.00000000 0.83495146       0.00000000
     1       1.00000000       1.00000000 0.16504854       1.00000000
      sol1
estado 8.2427696777564 8.27267924248704 8.34742636449016 8.75375916011847
     0      0.00000000       0.00000000       0.00000000       0.00000000
     1      1.00000000       1.00000000       1.00000000       1.00000000
      sol1
estado 8.77518113347015 8.79950667995538 8.86908750657245 8.8939392881798
     0       0.00000000       0.00000000       0.00000000      0.00000000
     1       1.00000000       1.00000000       1.00000000      1.00000000
      sol1
estado          9
     0 0.96052632
     1 0.03947368

