
  Bayesian network parameters

  Parameters of node game_score (multinomial distribution)

Conditional probability table:
                    0 0.000559148490253847  0.00324886113773959 
         0.317365269          0.001497006          0.001497006 
  0.0309802707625824   0.0428151340193647   0.0471366871276512 
         0.001497006          0.001497006          0.001497006 
  0.0511901278878746   0.0534499564189067   0.0571698053278913 
         0.001497006          0.001497006          0.001497006 
  0.0576766132004395   0.0598920687967225   0.0693594715515177 
         0.001497006          0.001497006          0.001497006 
  0.0845101736551481   0.0945964755875119    0.110797926667801 
         0.001497006          0.001497006          0.001497006 
   0.117065978134045    0.132254938892719    0.165620228183501 
         0.001497006          0.001497006          0.001497006 
   0.184084741483478    0.213524341267706    0.242502541224441 
         0.001497006          0.001497006          0.001497006 
   0.245283133036503    0.254803214052408    0.259196826681793 
         0.001497006          0.001497006          0.001497006 
   0.268911681732283    0.276392079107765     0.27945180582673 
         0.001497006          0.001497006          0.001497006 
   0.301151094616742    0.308262065382901    0.312196338288669 
         0.001497006          0.001497006          0.001497006 
   0.313235991923702     0.31593224425073    0.318654382130424 
         0.001497006          0.001497006          0.001497006 
    0.32412002183734     0.33110733404316    0.343145618766287 
         0.001497006          0.001497006          0.001497006 
    0.36318808241797    0.363324670328034    0.370098825441952 
         0.001497006          0.001497006          0.001497006 
   0.373140047626364    0.378355230041544     0.39510791652256 
         0.001497006          0.001497006          0.001497006 
   0.406220867248788    0.434682822580295    0.452034775161861 
         0.001497006          0.001497006          0.001497006 
   0.456044606295438    0.489155719636537    0.501352452067467 
         0.001497006          0.001497006          0.001497006 
   0.514646864441431    0.516603750797655    0.548148509296487 
         0.001497006          0.001497006          0.001497006 
   0.562399256355831    0.567632613083327    0.576471931663197 
         0.001497006          0.001497006          0.001497006 
   0.579472233945457     0.59556770411454    0.602336947836605 
         0.001497006          0.001497006          0.001497006 
   0.611882558232231    0.612354417044801    0.638846898494729 
         0.001497006          0.001497006          0.001497006 
    0.64721750165402    0.658712141816773    0.676183939815319 
         0.001497006          0.001497006          0.001497006 
   0.688143875370902    0.699672766632573     0.70757794459721 
         0.001497006          0.001497006          0.001497006 
   0.710575594053402    0.723682964152479    0.725992792182006 
         0.001497006          0.001497006          0.001497006 
   0.735536631105044    0.745386223933643    0.747814984404951 
         0.001497006          0.001497006          0.001497006 
    0.76424535474831    0.775347851365226    0.785542473316086 
         0.001497006          0.001497006          0.001497006 
   0.791877798840815    0.801554202839705    0.807229719343708 
         0.001497006          0.001497006          0.001497006 
   0.854512380074468    0.857863539350262    0.859693216577665 
         0.001497006          0.001497006          0.001497006 
   0.866306473372589     0.86948445210325    0.869689251014811 
         0.001497006          0.001497006          0.001497006 
   0.877150015867219    0.882917863425361    0.914396904955498 
         0.001497006          0.001497006          0.001497006 
   0.918437004282625    0.924037912511768    0.926171200626306 
         0.001497006          0.001497006          0.001497006 
   0.934025967388166    0.957703405579828    0.977459997496406 
         0.001497006          0.001497006          0.001497006 
   0.987816661006436    0.990183612513298    0.993261503570021 
         0.001497006          0.001497006          0.001497006 
                   1     1.05110500968564     1.06364826412993 
         0.276946108          0.001497006          0.001497006 
    1.07341591606899     1.08239345412279      1.1212497145802 
         0.001497006          0.001497006          0.001497006 
    1.13355441434753     1.13797691166862     1.14083223050649 
         0.001497006          0.001497006          0.001497006 
    1.20895425045507     1.21372249529714     1.24342710198719 
         0.001497006          0.001497006          0.001497006 
    1.28193813917639     1.30725753992753     1.32734548178034 
         0.001497006          0.001497006          0.001497006 
    1.39248894707125     1.40201793463189     1.40533959563367 
         0.001497006          0.001497006          0.001497006 
    1.42988983963071     1.44189096553184     1.44392955626201 
         0.001497006          0.001497006          0.001497006 
     1.4617548732122     1.48685915498905     1.51415069517181 
         0.001497006          0.001497006          0.001497006 
    1.51918041342156     1.52514101903703     1.52565878152128 
         0.001497006          0.001497006          0.001497006 
    1.54719448919495     1.54980124331733     1.55485683888681 
         0.001497006          0.001497006          0.001497006 
    1.57090116971795     1.61884904628697     1.64778216933209 
         0.001497006          0.001497006          0.001497006 
    1.66609129226488     1.68485687161646     1.69394388051152 
         0.001497006          0.001497006          0.001497006 
    1.70787713085018     1.71254247935651     1.73056473236803 
         0.001497006          0.001497006          0.001497006 
    1.73981793670251     1.77825177472469     1.79580622203833 
         0.001497006          0.001497006          0.001497006 
     1.8021124798834     1.82054354733879     1.83379546717239 
         0.001497006          0.001497006          0.001497006 
    1.88786447191535     1.89874726591538     1.90827149791166 
         0.001497006          0.001497006          0.001497006 
    1.95822996695898     1.98137154812135     1.98855272029104 
         0.001497006          0.001497006          0.001497006 
    1.98970916758006                    2                    3 
         0.001497006          0.139221557          0.032934132 
                   4                    5 
         0.013473054          0.001497006 

  Parameters of node op5 (conditional Gaussian distribution)

Conditional density: op5 | sv2 + score + score_a + score_s + estado
Coefficients:
                         0              1
(Intercept)   0.0009938943   0.0702392376
sv2           0.3065928302   0.2186062952
score         0.0260040224   0.1192092405
score_a      -0.0226966165  -0.1655039011
score_s       0.0236647795  -0.1179658506
Standard deviation of the residuals:
        0          1  
0.4913090  0.3417053  
Discrete parents' configurations:
   estado
0       0
1       1

  Parameters of node sv2 (conditional Gaussian distribution)

Conditional density: sv2 | estado
Coefficients:
                     0          1
(Intercept)  0.9491018  0.8203593
Standard deviation of the residuals:
        0          1  
0.2201196  0.3844639  
Discrete parents' configurations:
   estado
0       0
1       1

  Parameters of node score (conditional Gaussian distribution)

Conditional density: score | sv2 + estado
Coefficients:
                      0           1
(Intercept)   6.0588235   6.5666667
sv2           1.0894415  -0.3075426
Standard deviation of the residuals:
       0         1  
2.193207  1.680268  
Discrete parents' configurations:
   estado
0       0
1       1

  Parameters of node score_a (conditional Gaussian distribution)

Conditional density: score_a | sv2 + score + programa + estado
Coefficients:
                       0            1
(Intercept)  -0.57300621  -0.55627624
sv2           0.00715307   0.28370357
score         0.65022239   0.60248315
programa      0.09532675   0.05935256
Standard deviation of the residuals:
        0          1  
0.7588081  0.6717807  
Discrete parents' configurations:
   estado
0       0
1       1

  Parameters of node score_d (conditional Gaussian distribution)

Conditional density: score_d | score + score_a + estado
Coefficients:
                       0            1
(Intercept)  -0.05598993  -0.38678038
score         0.16254255   0.30074867
score_a       0.25026154   0.07065505
Standard deviation of the residuals:
        0          1  
0.7117694  0.5308110  
Discrete parents' configurations:
   estado
0       0
1       1

  Parameters of node score_s (conditional Gaussian distribution)

Conditional density: score_s | score + score_a + score_d + programa + estado
Coefficients:
                       0            1
(Intercept)   0.64466970   0.81652038
score         0.13673716  -0.04842886
score_a      -0.03992009   0.29634357
score_d       0.37202510   0.37559773
programa     -0.01124972  -0.11306143
Standard deviation of the residuals:
        0          1  
0.6403251  0.5579826  
Discrete parents' configurations:
   estado
0       0
1       1

  Parameters of node programa (conditional Gaussian distribution)

Conditional density: programa | sv2 + score + estado
Coefficients:
                       0            1
(Intercept)   4.66375818   4.02632228
sv2          -0.01945042  -0.32090931
score        -0.08042611  -0.05730796
Standard deviation of the residuals:
        0          1  
0.9402288  0.7785525  
Discrete parents' configurations:
   estado
0       0
1       1

  Parameters of node sol1 (multinomial distribution)

Conditional probability table:
                 0 0.160361092068606 0.204193777961672 0.221748225275309 
      0.095808383       0.001497006       0.001497006       0.001497006 
0.235906434868486 0.331482722437681 0.552426449284256 0.791045749544928 
      0.001497006       0.001497006       0.001497006       0.001497006 
0.806049839965349 0.917606545877212 0.926584083931005 0.942002100099615 
      0.001497006       0.001497006       0.001497006       0.001497006 
0.948609470399661                 1   1.2540228518001  1.49256019050545 
      0.001497006       0.004491018       0.001497006       0.001497006 
 2.58165937101719                 3  3.45868967308549  3.60274097086635 
      0.001497006       0.002994012       0.001497006       0.001497006 
                4  4.00460984770697  4.01272205489188  4.04229659442017 
      0.029940120       0.001497006       0.001497006       0.001497006 
 4.05344995641891  4.06935947155152  4.09459647558751  4.10816570497619 
      0.001497006       0.001497006       0.001497006       0.001497006 
 4.13051554789675  4.14213646064974  4.14777071414004  4.15713662726716 
      0.001497006       0.001497006       0.001497006       0.001497006 
 4.19678981681951  4.24893598091914  4.30115109461674  4.31290130766747 
      0.001497006       0.001497006       0.001497006       0.001497006 
 4.31766237019424  4.36318808241797  4.36332467032803  4.37009882544195 
      0.001497006       0.001497006       0.001497006       0.001497006 
 4.38316147120889  4.38506683349459  4.38767392568261  4.45107879219445 
      0.001497006       0.001497006       0.001497006       0.001497006 
 4.45203477516186  4.48915571963654  4.50135245206747  4.55895456406748 
      0.001497006       0.001497006       0.001497006       0.001497006 
 4.59721462122747  4.61188255823223  4.63790387594042  4.63848950280293 
      0.001497006       0.001497006       0.001497006       0.001497006 
 4.64721750165402  4.65871214181677   4.6881438753709  4.71018809488095 
      0.001497006       0.001497006       0.001497006       0.001497006 
 4.71816726954245  4.74519678594759  4.74539333446361    4.759373986137 
      0.001497006       0.001497006       0.001497006       0.001497006 
 4.76544419600393  4.80722971934371    4.818994344479  4.84862154475309 
      0.001497006       0.001497006       0.001497006       0.001497006 
 4.85046834346384  4.86095563493807  4.89808907833695  4.89971811506433 
      0.001497006       0.001497006       0.001497006       0.001497006 
 4.91843700428262  4.92869662955423  4.97017650779047   4.9901836125133 
      0.001497006       0.001497006       0.001497006       0.001497006 
                5  5.03473549224025  5.05424458148154  5.06112075787333 
      0.076347305       0.001497006       0.001497006       0.001497006 
 5.06625483364764  5.07596208748823   5.0770224427706  5.10913801918451 
      0.001497006       0.001497006       0.001497006       0.001497006 
 5.11154591154398  5.11269524583546  5.11407304493648  5.11897471260128 
      0.001497006       0.001497006       0.001497006       0.001497006 
 5.13031074898519   5.1311010283364  5.13819603955388  5.14236351138552 
      0.001497006       0.001497006       0.001497006       0.001497006 
 5.16314515763792  5.19057547685652  5.19656477826051  5.19844579716029 
      0.001497006       0.001497006       0.001497006       0.001497006 
 5.19985850993778  5.20812220115918  5.20934844063317  5.21445752668391 
      0.001497006       0.001497006       0.001497006       0.001497006 
 5.21495670724034  5.21763822550843  5.21805182519564  5.24249942916039 
      0.001497006       0.001497006       0.001497006       0.001497006 
 5.25461377606636  5.26446336889496  5.26891168173228  5.27400720781799 
      0.001497006       0.001497006       0.001497006       0.001497006 
 5.30032723336743  5.31026936886563  5.43322279282623  5.44032076058509 
      0.001497006       0.001497006       0.001497006       0.001497006 
 5.44051672456709  5.44402955812617  5.45604460629544  5.45986588559557 
      0.001497006       0.001497006       0.001497006       0.001497006 
 5.48339624920235  5.50246679520847  5.51464686444143  5.54143102311574 
      0.001497006       0.001497006       0.001497006       0.001497006 
  5.5653171774197   5.5657678213296  5.57090116971795  5.62164476995846 
      0.001497006       0.001497006       0.001497006       0.001497006 
 5.65469096356068  5.66889266595684  5.69526906296765   5.6988162897067 
      0.001497006       0.001497006       0.001497006       0.001497006 
 5.74080317331821  5.77078792638859   5.8021124798834  5.84475006721169 
      0.001497006       0.001497006       0.001497006       0.001497006 
 5.87272151049755  5.87412724225343  5.87715001586722  5.87726616620837 
      0.001497006       0.001497006       0.001497006       0.001497006 
 5.88291786342536  5.88483454786095   5.8921878794326  5.91481160792074 
      0.001497006       0.001497006       0.001497006       0.001497006 
 5.92264465916875  5.92617120062631   5.9426217186392  5.99326150357002 
      0.001497006       0.001497006       0.001497006       0.001497006 
                6  6.00192919647864  6.05028203807407  6.09960248663467 
      0.067365269       0.001497006       0.001497006       0.001497006 
 6.13797691166862  6.17475604369323  6.21334928929707  6.26738705325482 
      0.001497006       0.001497006       0.001497006       0.001497006 
 6.28193813917639  6.29556433866417  6.31593224425073  6.36482862322435 
      0.001497006       0.001497006       0.001497006       0.001497006 
 6.39452131027797  6.40201793463189  6.41575426170036  6.42508495871302 
      0.001497006       0.001497006       0.001497006       0.001497006 
 6.44189096553184  6.44392955626201  6.46658494693356  6.47819051775337 
      0.001497006       0.001497006       0.001497006       0.001497006 
 6.51133938189741  6.66609129226488  6.66759093434478  6.68155322071086 
      0.001497006       0.001497006       0.001497006       0.001497006 
 6.74832255696952  6.81259815212468  6.82054354733879  6.85969321657767 
      0.001497006       0.001497006       0.001497006       0.001497006 
 6.89874726591538  6.97383720412824  6.97941833516011                 7 
      0.001497006       0.001497006       0.001497006       0.074850299 
 7.02289455941792   7.0966643274061  7.28848817228192  7.34372052216502 
      0.001497006       0.001497006       0.001497006       0.001497006 
 7.34670678923357  7.41086505337863  7.49008986154667  7.61211223897697 
      0.001497006       0.001497006       0.001497006       0.001497006 
 7.62740143787894  7.63028625676708  7.64645642469418  7.72368296415248 
      0.001497006       0.001497006       0.001497006       0.001497006 
 7.74153009398936  7.76424535474831  7.86240724686749  7.91660424651608 
      0.001497006       0.001497006       0.001497006       0.001497006 
                8  8.38548492014493                 9 
      0.152694611       0.001497006       0.223053892 

  Parameters of node estado (multinomial distribution)

Conditional probability table:
 
      sol1
estado           0 0.160361092068606 0.204193777961672 0.221748225275309
     0 0.000000000       0.000000000       0.000000000       0.000000000
     1 1.000000000       1.000000000       1.000000000       1.000000000
      sol1
estado 0.235906434868486 0.331482722437681 0.552426449284256 0.791045749544928
     0       0.000000000       0.000000000       0.000000000       0.000000000
     1       1.000000000       1.000000000       1.000000000       1.000000000
      sol1
estado 0.806049839965349 0.917606545877212 0.926584083931005 0.942002100099615
     0       0.000000000       0.000000000       0.000000000       0.000000000
     1       1.000000000       1.000000000       1.000000000       1.000000000
      sol1
estado 0.948609470399661           1 1.2540228518001 1.49256019050545
     0       0.000000000 0.666666667     0.000000000      0.000000000
     1       1.000000000 0.333333333     1.000000000      1.000000000
      sol1
estado 2.58165937101719           3 3.45868967308549 3.60274097086635
     0      0.000000000 1.000000000      0.000000000      0.000000000
     1      1.000000000 0.000000000      1.000000000      1.000000000
      sol1
estado           4 4.00460984770697 4.01272205489188 4.04229659442017
     0 0.400000000      0.000000000      0.000000000      0.000000000
     1 0.600000000      1.000000000      1.000000000      1.000000000
      sol1
estado 4.05344995641891 4.06935947155152 4.09459647558751 4.10816570497619
     0      0.000000000      0.000000000      0.000000000      0.000000000
     1      1.000000000      1.000000000      1.000000000      1.000000000
      sol1
estado 4.13051554789675 4.14213646064974 4.14777071414004 4.15713662726716
     0      0.000000000      0.000000000      0.000000000      0.000000000
     1      1.000000000      1.000000000      1.000000000      1.000000000
      sol1
estado 4.19678981681951 4.24893598091914 4.30115109461674 4.31290130766747
     0      0.000000000      0.000000000      0.000000000      0.000000000
     1      1.000000000      1.000000000      1.000000000      1.000000000
      sol1
estado 4.31766237019424 4.36318808241797 4.36332467032803 4.37009882544195
     0      0.000000000      0.000000000      0.000000000      0.000000000
     1      1.000000000      1.000000000      1.000000000      1.000000000
      sol1
estado 4.38316147120889 4.38506683349459 4.38767392568261 4.45107879219445
     0      0.000000000      0.000000000      0.000000000      0.000000000
     1      1.000000000      1.000000000      1.000000000      1.000000000
      sol1
estado 4.45203477516186 4.48915571963654 4.50135245206747 4.55895456406748
     0      0.000000000      0.000000000      0.000000000      0.000000000
     1      1.000000000      1.000000000      1.000000000      1.000000000
      sol1
estado 4.59721462122747 4.61188255823223 4.63790387594042 4.63848950280293
     0      0.000000000      0.000000000      0.000000000      0.000000000
     1      1.000000000      1.000000000      1.000000000      1.000000000
      sol1
estado 4.64721750165402 4.65871214181677 4.6881438753709 4.71018809488095
     0      0.000000000      0.000000000     0.000000000      0.000000000
     1      1.000000000      1.000000000     1.000000000      1.000000000
      sol1
estado 4.71816726954245 4.74519678594759 4.74539333446361 4.759373986137
     0      0.000000000      0.000000000      0.000000000    0.000000000
     1      1.000000000      1.000000000      1.000000000    1.000000000
      sol1
estado 4.76544419600393 4.80722971934371 4.818994344479 4.84862154475309
     0      0.000000000      0.000000000    0.000000000      0.000000000
     1      1.000000000      1.000000000    1.000000000      1.000000000
      sol1
estado 4.85046834346384 4.86095563493807 4.89808907833695 4.89971811506433
     0      0.000000000      0.000000000      0.000000000      0.000000000
     1      1.000000000      1.000000000      1.000000000      1.000000000
      sol1
estado 4.91843700428262 4.92869662955423 4.97017650779047 4.9901836125133
     0      0.000000000      0.000000000      0.000000000     0.000000000
     1      1.000000000      1.000000000      1.000000000     1.000000000
      sol1
estado           5 5.03473549224025 5.05424458148154 5.06112075787333
     0 0.313725490      0.000000000      0.000000000      0.000000000
     1 0.686274510      1.000000000      1.000000000      1.000000000
      sol1
estado 5.06625483364764 5.07596208748823 5.0770224427706 5.10913801918451
     0      0.000000000      0.000000000     0.000000000      0.000000000
     1      1.000000000      1.000000000     1.000000000      1.000000000
      sol1
estado 5.11154591154398 5.11269524583546 5.11407304493648 5.11897471260128
     0      0.000000000      0.000000000      0.000000000      0.000000000
     1      1.000000000      1.000000000      1.000000000      1.000000000
      sol1
estado 5.13031074898519 5.1311010283364 5.13819603955388 5.14236351138552
     0      0.000000000     0.000000000      0.000000000      0.000000000
     1      1.000000000     1.000000000      1.000000000      1.000000000
      sol1
estado 5.16314515763792 5.19057547685652 5.19656477826051 5.19844579716029
     0      0.000000000      0.000000000      0.000000000      0.000000000
     1      1.000000000      1.000000000      1.000000000      1.000000000
      sol1
estado 5.19985850993778 5.20812220115918 5.20934844063317 5.21445752668391
     0      0.000000000      0.000000000      0.000000000      0.000000000
     1      1.000000000      1.000000000      1.000000000      1.000000000
      sol1
estado 5.21495670724034 5.21763822550843 5.21805182519564 5.24249942916039
     0      0.000000000      0.000000000      0.000000000      0.000000000
     1      1.000000000      1.000000000      1.000000000      1.000000000
      sol1
estado 5.25461377606636 5.26446336889496 5.26891168173228 5.27400720781799
     0      0.000000000      0.000000000      0.000000000      0.000000000
     1      1.000000000      1.000000000      1.000000000      1.000000000
      sol1
estado 5.30032723336743 5.31026936886563 5.43322279282623 5.44032076058509
     0      0.000000000      0.000000000      0.000000000      0.000000000
     1      1.000000000      1.000000000      1.000000000      1.000000000
      sol1
estado 5.44051672456709 5.44402955812617 5.45604460629544 5.45986588559557
     0      0.000000000      0.000000000      0.000000000      0.000000000
     1      1.000000000      1.000000000      1.000000000      1.000000000
      sol1
estado 5.48339624920235 5.50246679520847 5.51464686444143 5.54143102311574
     0      0.000000000      0.000000000      0.000000000      0.000000000
     1      1.000000000      1.000000000      1.000000000      1.000000000
      sol1
estado 5.5653171774197 5.5657678213296 5.57090116971795 5.62164476995846
     0     0.000000000     0.000000000      0.000000000      0.000000000
     1     1.000000000     1.000000000      1.000000000      1.000000000
      sol1
estado 5.65469096356068 5.66889266595684 5.69526906296765 5.6988162897067
     0      0.000000000      0.000000000      0.000000000     0.000000000
     1      1.000000000      1.000000000      1.000000000     1.000000000
      sol1
estado 5.74080317331821 5.77078792638859 5.8021124798834 5.84475006721169
     0      0.000000000      0.000000000     0.000000000      0.000000000
     1      1.000000000      1.000000000     1.000000000      1.000000000
      sol1
estado 5.87272151049755 5.87412724225343 5.87715001586722 5.87726616620837
     0      0.000000000      0.000000000      0.000000000      0.000000000
     1      1.000000000      1.000000000      1.000000000      1.000000000
      sol1
estado 5.88291786342536 5.88483454786095 5.8921878794326 5.91481160792074
     0      0.000000000      0.000000000     0.000000000      0.000000000
     1      1.000000000      1.000000000     1.000000000      1.000000000
      sol1
estado 5.92264465916875 5.92617120062631 5.9426217186392 5.99326150357002
     0      0.000000000      0.000000000     0.000000000      0.000000000
     1      1.000000000      1.000000000     1.000000000      1.000000000
      sol1
estado           6 6.00192919647864 6.05028203807407 6.09960248663467
     0 0.666666667      0.000000000      0.000000000      0.000000000
     1 0.333333333      1.000000000      1.000000000      1.000000000
      sol1
estado 6.13797691166862 6.17475604369323 6.21334928929707 6.26738705325482
     0      0.000000000      0.000000000      0.000000000      0.000000000
     1      1.000000000      1.000000000      1.000000000      1.000000000
      sol1
estado 6.28193813917639 6.29556433866417 6.31593224425073 6.36482862322435
     0      0.000000000      0.000000000      0.000000000      0.000000000
     1      1.000000000      1.000000000      1.000000000      1.000000000
      sol1
estado 6.39452131027797 6.40201793463189 6.41575426170036 6.42508495871302
     0      0.000000000      0.000000000      0.000000000      0.000000000
     1      1.000000000      1.000000000      1.000000000      1.000000000
      sol1
estado 6.44189096553184 6.44392955626201 6.46658494693356 6.47819051775337
     0      0.000000000      0.000000000      0.000000000      0.000000000
     1      1.000000000      1.000000000      1.000000000      1.000000000
      sol1
estado 6.51133938189741 6.66609129226488 6.66759093434478 6.68155322071086
     0      0.000000000      0.000000000      0.000000000      0.000000000
     1      1.000000000      1.000000000      1.000000000      1.000000000
      sol1
estado 6.74832255696952 6.81259815212468 6.82054354733879 6.85969321657767
     0      0.000000000      0.000000000      0.000000000      0.000000000
     1      1.000000000      1.000000000      1.000000000      1.000000000
      sol1
estado 6.89874726591538 6.97383720412824 6.97941833516011           7
     0      0.000000000      0.000000000      0.000000000 0.880000000
     1      1.000000000      1.000000000      1.000000000 0.120000000
      sol1
estado 7.02289455941792 7.0966643274061 7.28848817228192 7.34372052216502
     0      0.000000000     0.000000000      0.000000000      0.000000000
     1      1.000000000     1.000000000      1.000000000      1.000000000
      sol1
estado 7.34670678923357 7.41086505337863 7.49008986154667 7.61211223897697
     0      0.000000000      0.000000000      0.000000000      0.000000000
     1      1.000000000      1.000000000      1.000000000      1.000000000
      sol1
estado 7.62740143787894 7.63028625676708 7.64645642469418 7.72368296415248
     0      0.000000000      0.000000000      0.000000000      0.000000000
     1      1.000000000      1.000000000      1.000000000      1.000000000
      sol1
estado 7.74153009398936 7.76424535474831 7.86240724686749 7.91660424651608
     0      0.000000000      0.000000000      0.000000000      0.000000000
     1      1.000000000      1.000000000      1.000000000      1.000000000
      sol1
estado           8 8.38548492014493           9
     0 0.823529412      0.000000000 0.993288591
     1 0.176470588      1.000000000 0.006711409

