
  Bayesian network parameters

  Parameters of node op5 (multinomial distribution)

Conditional probability table:
 
   score_p
op5         0         1         2         3         4         5
  0 0.5714286 0.8529412 0.6438356 0.4941176 0.5980392 0.6301370
  1 0.4285714 0.1470588 0.3561644 0.5058824 0.4019608 0.3698630

  Parameters of node sv4 (multinomial distribution)

Conditional probability table:
 
   op5
sv4          0          1
  0 0.32314410 0.06896552
  1 0.67685590 0.93103448

  Parameters of node sv5 (multinomial distribution)

Conditional probability table:
 
, , sv4 = 0

   op5
sv5         0         1
  0 0.3378378 0.0000000
  1 0.6621622 1.0000000

, , sv4 = 1

   op5
sv5         0         1
  0 0.1548387 0.0000000
  1 0.8451613 1.0000000


  Parameters of node score (multinomial distribution)

Conditional probability table:
           1           2           3           4           5           6 
0.002673797 0.016042781 0.032085561 0.066844920 0.125668449 0.141711230 
          7           8           9          10          11          12 
0.155080214 0.205882353 0.098930481 0.114973262 0.034759358 0.005347594 

  Parameters of node score_a (multinomial distribution)

Conditional probability table:
 
       score
score_a          1          2          3          4          5          6
      1 1.00000000 0.50000000 0.16666667 0.04000000 0.02127660 0.00000000
      2 0.00000000 0.50000000 0.75000000 0.20000000 0.25531915 0.09433962
      3 0.00000000 0.00000000 0.08333333 0.72000000 0.44680851 0.32075472
      4 0.00000000 0.00000000 0.00000000 0.04000000 0.23404255 0.50943396
      5 0.00000000 0.00000000 0.00000000 0.00000000 0.04255319 0.05660377
      6 0.00000000 0.00000000 0.00000000 0.00000000 0.00000000 0.01886792
      7 0.00000000 0.00000000 0.00000000 0.00000000 0.00000000 0.00000000
      8 0.00000000 0.00000000 0.00000000 0.00000000 0.00000000 0.00000000
       score
score_a          7          8          9         10         11         12
      1 0.00000000 0.00000000 0.00000000 0.00000000 0.00000000 0.00000000
      2 0.00000000 0.00000000 0.00000000 0.00000000 0.00000000 0.00000000
      3 0.18965517 0.00000000 0.00000000 0.00000000 0.00000000 0.00000000
      4 0.43103448 0.28571429 0.00000000 0.00000000 0.00000000 0.00000000
      5 0.36206897 0.54545455 0.45945946 0.00000000 0.00000000 0.00000000
      6 0.01724138 0.15584416 0.45945946 0.62790698 0.00000000 0.00000000
      7 0.00000000 0.01298701 0.08108108 0.37209302 0.84615385 0.00000000
      8 0.00000000 0.00000000 0.00000000 0.00000000 0.15384615 1.00000000

  Parameters of node score_p (multinomial distribution)

Conditional probability table:
 
       score
score_p          1          2          3          4          5          6
      0 0.00000000 0.16666667 0.41666667 0.04000000 0.00000000 0.00000000
      1 1.00000000 0.50000000 0.33333333 0.44000000 0.19148936 0.09433962
      2 0.00000000 0.33333333 0.25000000 0.40000000 0.48936170 0.35849057
      3 0.00000000 0.00000000 0.00000000 0.12000000 0.27659574 0.32075472
      4 0.00000000 0.00000000 0.00000000 0.00000000 0.04255319 0.18867925
      5 0.00000000 0.00000000 0.00000000 0.00000000 0.00000000 0.03773585
       score
score_p          7          8          9         10         11         12
      0 0.00000000 0.00000000 0.00000000 0.00000000 0.00000000 0.00000000
      1 0.00000000 0.01298701 0.00000000 0.00000000 0.00000000 0.00000000
      2 0.20689655 0.03896104 0.02702703 0.00000000 0.00000000 0.00000000
      3 0.43103448 0.27272727 0.16216216 0.00000000 0.00000000 0.00000000
      4 0.29310345 0.42857143 0.48648649 0.46511628 0.15384615 0.00000000
      5 0.06896552 0.24675325 0.32432432 0.53488372 0.84615385 1.00000000

  Parameters of node score_d (multinomial distribution)

Conditional probability table:
 
       score_a
score_d          1          2          3          4          5          6
      0 0.37500000 0.11764706 0.11764706 0.02325581 0.01176471 0.00000000
      1 0.50000000 0.50000000 0.42647059 0.25581395 0.10588235 0.03448276
      2 0.12500000 0.35294118 0.38235294 0.44186047 0.44705882 0.17241379
      3 0.00000000 0.02941176 0.07352941 0.25581395 0.38823529 0.60344828
      4 0.00000000 0.00000000 0.00000000 0.02325581 0.04705882 0.18965517
       score_a
score_d          7          8
      0 0.00000000 0.00000000
      1 0.00000000 0.00000000
      2 0.03225806 0.00000000
      3 0.29032258 0.25000000
      4 0.67741935 0.75000000

  Parameters of node programa (multinomial distribution)

Conditional probability table:
 
, , estado = 0

        sv5
programa          0          1
       1 0.04761905 0.00000000
       2 0.09523810 0.05460751
       3 0.09523810 0.25597270
       4 0.35714286 0.26279863
       5 0.40476190 0.42662116

, , estado = 1

        sv5
programa          0          1
       1 0.00000000 0.00000000
       2 0.14285714 0.15625000
       3 0.57142857 0.15625000
       4 0.14285714 0.53125000
       5 0.14285714 0.15625000


  Parameters of node sol1 (multinomial distribution)

Conditional probability table:
           0           1           2           3           4           5 
0.018716578 0.008021390 0.002673797 0.005347594 0.029411765 0.050802139 
          6           7           8           9 
0.098930481 0.141711230 0.245989305 0.398395722 

  Parameters of node estado (multinomial distribution)

Conditional probability table:
 
      sol1
estado          0          1          2          3          4          5
     0 0.00000000 0.66666667 0.00000000 1.00000000 0.54545455 0.63157895
     1 1.00000000 0.33333333 1.00000000 0.00000000 0.45454545 0.36842105
      sol1
estado          6          7          8          9
     0 0.83783784 0.92452830 0.93478261 0.98657718
     1 0.16216216 0.07547170 0.06521739 0.01342282

