
  Bayesian network parameters

  Parameters of node op6 (multinomial distribution)

Conditional probability table:
 
, , estado = 0

   sv5
op6         0         1
  0 0.7435897 0.4745763
  1 0.2564103 0.5254237

, , estado = 1

   sv5
op6         0         1
  0 1.0000000 0.5312500
  1 0.0000000 0.4687500


  Parameters of node sv1 (multinomial distribution)

Conditional probability table:
 
   sv5
sv1          0          1
  0 0.06521739 0.01834862
  1 0.93478261 0.98165138

  Parameters of node sv4 (multinomial distribution)

Conditional probability table:
         0         1 
0.2412869 0.7587131 

  Parameters of node sv5 (multinomial distribution)

Conditional probability table:
 
, , estado = 0

   sv4
sv5          0          1
  0 0.22619048 0.08000000
  1 0.77380952 0.92000000

, , estado = 1

   sv4
sv5          0          1
  0 0.66666667 0.09090909
  1 0.33333333 0.90909091


  Parameters of node score (multinomial distribution)

Conditional probability table:
 
     sv5
score           0           1
   1  0.021739130 0.003058104
   2  0.000000000 0.015290520
   3  0.086956522 0.024464832
   4  0.130434783 0.045871560
   5  0.239130435 0.110091743
   6  0.152173913 0.125382263
   7  0.065217391 0.189602446
   8  0.086956522 0.226299694
   9  0.130434783 0.094801223
   10 0.086956522 0.119266055
   11 0.000000000 0.042813456
   12 0.000000000 0.003058104

  Parameters of node score_a (multinomial distribution)

Conditional probability table:
 
       score
score_a          1          2          3          4          5          6
      0 0.00000000 0.00000000 0.08333333 0.00000000 0.00000000 0.00000000
      1 1.00000000 0.80000000 0.08333333 0.04761905 0.02127660 0.00000000
      2 0.00000000 0.20000000 0.66666667 0.23809524 0.21276596 0.14583333
      3 0.00000000 0.00000000 0.16666667 0.66666667 0.46808511 0.33333333
      4 0.00000000 0.00000000 0.00000000 0.04761905 0.23404255 0.41666667
      5 0.00000000 0.00000000 0.00000000 0.00000000 0.06382979 0.08333333
      6 0.00000000 0.00000000 0.00000000 0.00000000 0.00000000 0.02083333
      7 0.00000000 0.00000000 0.00000000 0.00000000 0.00000000 0.00000000
      8 0.00000000 0.00000000 0.00000000 0.00000000 0.00000000 0.00000000
       score
score_a          7          8          9         10         11         12
      0 0.00000000 0.00000000 0.00000000 0.00000000 0.00000000 0.00000000
      1 0.00000000 0.00000000 0.00000000 0.00000000 0.00000000 0.00000000
      2 0.00000000 0.00000000 0.00000000 0.00000000 0.00000000 0.00000000
      3 0.15384615 0.00000000 0.00000000 0.00000000 0.00000000 0.00000000
      4 0.46153846 0.23076923 0.00000000 0.00000000 0.00000000 0.00000000
      5 0.35384615 0.57692308 0.40540541 0.00000000 0.00000000 0.00000000
      6 0.03076923 0.19230769 0.48648649 0.60465116 0.00000000 0.00000000
      7 0.00000000 0.00000000 0.10810811 0.39534884 0.85714286 0.00000000
      8 0.00000000 0.00000000 0.00000000 0.00000000 0.14285714 1.00000000

  Parameters of node score_p (multinomial distribution)

Conditional probability table:
 
       score
score_p          1          2          3          4          5          6
      0 0.50000000 0.00000000 0.25000000 0.04761905 0.00000000 0.00000000
      1 0.50000000 0.80000000 0.58333333 0.52380952 0.19148936 0.08333333
      2 0.00000000 0.20000000 0.16666667 0.28571429 0.51063830 0.31250000
      3 0.00000000 0.00000000 0.00000000 0.14285714 0.25531915 0.31250000
      4 0.00000000 0.00000000 0.00000000 0.00000000 0.04255319 0.27083333
      5 0.00000000 0.00000000 0.00000000 0.00000000 0.00000000 0.02083333
       score
score_p          7          8          9         10         11         12
      0 0.00000000 0.00000000 0.00000000 0.00000000 0.00000000 0.00000000
      1 0.01538462 0.00000000 0.00000000 0.00000000 0.00000000 0.00000000
      2 0.21538462 0.03846154 0.05405405 0.00000000 0.00000000 0.00000000
      3 0.41538462 0.29487179 0.18918919 0.00000000 0.00000000 0.00000000
      4 0.29230769 0.43589744 0.48648649 0.48837209 0.21428571 0.00000000
      5 0.06153846 0.23076923 0.27027027 0.51162791 0.78571429 1.00000000

  Parameters of node programa (multinomial distribution)

Conditional probability table:
 
, , estado = 0

        sv5
programa          0          1
       1 0.05128205 0.00000000
       2 0.07692308 0.05762712
       3 0.10256410 0.25084746
       4 0.41025641 0.26101695
       5 0.35897436 0.43050847

, , estado = 1

        sv5
programa          0          1
       1 0.00000000 0.00000000
       2 0.00000000 0.18750000
       3 0.57142857 0.15625000
       4 0.28571429 0.46875000
       5 0.14285714 0.18750000


  Parameters of node sol1 (multinomial distribution)

Conditional probability table:
           0           1           2           3           4           5 
0.018766756 0.005361930 0.002680965 0.005361930 0.032171582 0.072386059 
          6           7           8           9 
0.085790885 0.139410188 0.252010724 0.386058981 

  Parameters of node estado (multinomial distribution)

Conditional probability table:
 
      sol1
estado          0          1          2          3          4          5
     0 0.00000000 0.50000000 0.00000000 1.00000000 0.66666667 0.51851852
     1 1.00000000 0.50000000 1.00000000 0.00000000 0.33333333 0.48148148
      sol1
estado          6          7          8          9
     0 0.84375000 0.96153846 0.95744681 0.98611111
     1 0.15625000 0.03846154 0.04255319 0.01388889

