
  Bayesian network parameters

  Parameters of node pt (multinomial distribution)

Conditional probability table:
 
   estado
pt            0           1
  0 0.310447761 0.333333333
  1 0.349253731 0.435897436
  2 0.205970149 0.230769231
  3 0.110447761 0.000000000
  4 0.014925373 0.000000000
  5 0.008955224 0.000000000

  Parameters of node game_score (multinomial distribution)

Conditional probability table:
 
          pt
game_score          0          1          2          3          4          5
         0 0.71794872 0.34328358 0.03846154 0.00000000 0.00000000 0.00000000
         1 0.26495726 0.45522388 0.39743590 0.05405405 0.00000000 0.00000000
         2 0.01709402 0.17910448 0.51282051 0.48648649 0.20000000 0.00000000
         3 0.00000000 0.02238806 0.05128205 0.40540541 0.20000000 0.00000000
         4 0.00000000 0.00000000 0.00000000 0.05405405 0.60000000 1.00000000

  Parameters of node op4 (multinomial distribution)

Conditional probability table:
 
, , op5 = 0

   game_score
op4         0         1         2         3         4
  0 0.4772727 0.6265060 0.7741935 0.8571429 0.6666667
  1 0.5227273 0.3734940 0.2258065 0.1428571 0.3333333

, , op5 = 1

   game_score
op4         0         1         2         3         4
  0 0.2471910 0.4047619 0.5217391 0.5000000 0.5000000
  1 0.7528090 0.5952381 0.4782609 0.5000000 0.5000000


  Parameters of node op5 (multinomial distribution)

Conditional probability table:
 
   game_score
op5          0          1          2          3          4
  0 0.33082707 0.66400000 0.72941176 0.91304348 0.75000000
  1 0.66917293 0.33600000 0.27058824 0.08695652 0.25000000

  Parameters of node score (multinomial distribution)

Conditional probability table:
           1           2           3           4           5           6 
0.002673797 0.018716578 0.040106952 0.077540107 0.112299465 0.131016043 
          7           8           9          10          11          12 
0.160427807 0.197860963 0.106951872 0.109625668 0.040106952 0.002673797 

  Parameters of node score_a (multinomial distribution)

Conditional probability table:
 
       score
score_a          1          2          3          4          5          6
      0 0.00000000 0.00000000 0.06666667 0.00000000 0.00000000 0.00000000
      1 1.00000000 0.57142857 0.13333333 0.03448276 0.02380952 0.00000000
      2 0.00000000 0.42857143 0.73333333 0.24137931 0.23809524 0.06122449
      3 0.00000000 0.00000000 0.06666667 0.68965517 0.47619048 0.32653061
      4 0.00000000 0.00000000 0.00000000 0.03448276 0.19047619 0.48979592
      5 0.00000000 0.00000000 0.00000000 0.00000000 0.07142857 0.12244898
      6 0.00000000 0.00000000 0.00000000 0.00000000 0.00000000 0.00000000
      7 0.00000000 0.00000000 0.00000000 0.00000000 0.00000000 0.00000000
      8 0.00000000 0.00000000 0.00000000 0.00000000 0.00000000 0.00000000
       score
score_a          7          8          9         10         11         12
      0 0.00000000 0.00000000 0.00000000 0.00000000 0.00000000 0.00000000
      1 0.00000000 0.00000000 0.00000000 0.00000000 0.00000000 0.00000000
      2 0.00000000 0.00000000 0.00000000 0.00000000 0.00000000 0.00000000
      3 0.13333333 0.00000000 0.00000000 0.00000000 0.00000000 0.00000000
      4 0.53333333 0.24324324 0.00000000 0.00000000 0.00000000 0.00000000
      5 0.31666667 0.56756757 0.47500000 0.00000000 0.00000000 0.00000000
      6 0.01666667 0.17567568 0.50000000 0.65853659 0.00000000 0.00000000
      7 0.00000000 0.01351351 0.02500000 0.34146341 0.86666667 0.00000000
      8 0.00000000 0.00000000 0.00000000 0.00000000 0.13333333 1.00000000

  Parameters of node score_p (multinomial distribution)

Conditional probability table:
 
       score
score_p          1          2          3          4          5          6
      0 1.00000000 0.14285714 0.20000000 0.06896552 0.00000000 0.00000000
      1 0.00000000 0.57142857 0.53333333 0.51724138 0.26190476 0.06122449
      2 0.00000000 0.28571429 0.26666667 0.31034483 0.54761905 0.36734694
      3 0.00000000 0.00000000 0.00000000 0.10344828 0.16666667 0.34693878
      4 0.00000000 0.00000000 0.00000000 0.00000000 0.02380952 0.18367347
      5 0.00000000 0.00000000 0.00000000 0.00000000 0.00000000 0.04081633
       score
score_p          7          8          9         10         11         12
      0 0.00000000 0.00000000 0.00000000 0.00000000 0.00000000 0.00000000
      1 0.01666667 0.01351351 0.00000000 0.00000000 0.00000000 0.00000000
      2 0.20000000 0.05405405 0.02500000 0.00000000 0.00000000 0.00000000
      3 0.43333333 0.25675676 0.12500000 0.00000000 0.00000000 0.00000000
      4 0.30000000 0.41891892 0.55000000 0.53658537 0.20000000 0.00000000
      5 0.05000000 0.25675676 0.30000000 0.46341463 0.80000000 1.00000000

  Parameters of node programa (multinomial distribution)

Conditional probability table:
 
        game_score
programa           0           1           2           3           4
       1 0.000000000 0.008000000 0.000000000 0.000000000 0.000000000
       2 0.007518797 0.072000000 0.082352941 0.173913043 0.000000000
       3 0.353383459 0.168000000 0.258823529 0.086956522 0.000000000
       4 0.293233083 0.320000000 0.235294118 0.217391304 0.375000000
       5 0.345864662 0.432000000 0.423529412 0.521739130 0.625000000

  Parameters of node sol1 (multinomial distribution)

Conditional probability table:
           0           1           2           3           4           5 
0.016042781 0.008021390 0.002673797 0.002673797 0.029411765 0.066844920 
          6           7           8           9 
0.080213904 0.149732620 0.254010695 0.390374332 

  Parameters of node estado (multinomial distribution)

Conditional probability table:
 
      sol1
estado           0           1           2           3           4           5
     0 0.000000000 0.666666667 0.000000000 1.000000000 0.727272727 0.480000000
     1 1.000000000 0.333333333 1.000000000 0.000000000 0.272727273 0.520000000
      sol1
estado           6           7           8           9
     0 0.833333333 0.928571429 0.947368421 0.993150685
     1 0.166666667 0.071428571 0.052631579 0.006849315

