
  Bayesian network parameters

  Parameters of node lt (multinomial distribution)

Conditional probability table:
                  0 0.0276477439032115 0.0541952615197375 0.0642234757911806 
       0.504477612        0.001492537        0.001492537        0.001492537 
 0.073760174734176 0.0894278813672683 0.0909523068699001 0.0941242901529904 
       0.001492537        0.001492537        0.001492537        0.001492537 
0.0984385247795083  0.108208762458993  0.111743416500503   0.12109044090401 
       0.001492537        0.001492537        0.001492537        0.001492537 
 0.144519177402387  0.147960670267623   0.15527912259292   0.16526772771328 
       0.001492537        0.001492537        0.001492537        0.001492537 
 0.165286710946602  0.176666334724366  0.180317984631285  0.196687120382764 
       0.001492537        0.001492537        0.001492537        0.001492537 
 0.239101433102558  0.257436346322907  0.314601128080862  0.356461902794374 
       0.001492537        0.001492537        0.001492537        0.001492537 
 0.384295763933232  0.391584035382443   0.39431445673022   0.39838475110987 
       0.001492537        0.001492537        0.001492537        0.001492537 
 0.479767212417096  0.526869075569734  0.528488195348662  0.530761159081955 
       0.001492537        0.001492537        0.001492537        0.001492537 
 0.533334332299777  0.543768314831427  0.549577048225172  0.559828566866322 
       0.001492537        0.001492537        0.001492537        0.001492537 
 0.565918475895753  0.572247307780538  0.574946431121814   0.58351815753699 
       0.001492537        0.001492537        0.001492537        0.001492537 
 0.628727104224287  0.632275512061041  0.637647335130191  0.637897547133528 
       0.001492537        0.001492537        0.001492537        0.001492537 
 0.655841225410293  0.670894061391173  0.673925401455285  0.674719556488087 
       0.001492537        0.001492537        0.001492537        0.001492537 
 0.730763177724757  0.731906588879227  0.733269319223957  0.735122010859846 
       0.001492537        0.001492537        0.001492537        0.001492537 
 0.751862249624153  0.799508738045358  0.822341488031317  0.829927289031402 
       0.001492537        0.001492537        0.001492537        0.001492537 
 0.838490687418309  0.851943298323177  0.860130809583535  0.864306527994766 
       0.001492537        0.001492537        0.001492537        0.001492537 
 0.870153243339001  0.872517800595673  0.876633195964795  0.907330527954936 
       0.001492537        0.001492537        0.001492537        0.001492537 
 0.928045095566808   0.93291993937326  0.940051524337117  0.941182743702189 
       0.001492537        0.001492537        0.001492537        0.001492537 
 0.958272550398492  0.966107926473335  0.997727735903196                  1 
       0.001492537        0.001492537        0.001492537        0.171641791 
  1.00120340918277   1.02646603224709      1.03733551621   1.05513399706136 
       0.001492537        0.001492537        0.001492537        0.001492537 
   1.0577866762855   1.11323360998127   1.15044882035385   1.16351473645351 
       0.001492537        0.001492537        0.001492537        0.001492537 
  1.19232881834527   1.22590904670637   1.25426561199194   1.26964753763366 
       0.001492537        0.001492537        0.001492537        0.001492537 
   1.2754814631032   1.28276935198199   1.30678905851737   1.31959058672467 
       0.001492537        0.001492537        0.001492537        0.001492537 
   1.3281961975114    1.3327134261345   1.37228232104044   1.37958333735229 
       0.001492537        0.001492537        0.001492537        0.001492537 
  1.39456172880673   1.47967059176262   1.49067793864409   1.52638882689144 
       0.001492537        0.001492537        0.001492537        0.001492537 
  1.62047750753608   1.63632694030636   1.64839137855573    1.6585990281084 
       0.001492537        0.001492537        0.001492537        0.001492537 
  1.66007504583325   1.67547499056013   1.71345981475076   1.74139098074514 
       0.001492537        0.001492537        0.001492537        0.001492537 
  1.75802238637186   1.78648932328901   1.86955109147086   1.88333096978587 
       0.001492537        0.001492537        0.001492537        0.001492537 
  1.90536091185286   1.90798597401708   1.97062088646828   1.98121346448529 
       0.001492537        0.001492537        0.001492537        0.001492537 
  1.98271817367988                  2   2.11633493977608   2.14045152171448 
       0.001492537        0.094029851        0.001492537        0.001492537 
  2.14053287331609    2.2982789383316   2.29876309659671    2.3707251311802 
       0.001492537        0.001492537        0.001492537        0.001492537 
  2.38876745564682   2.42183436251701   2.44749200670155   2.45884631735665 
       0.001492537        0.001492537        0.001492537        0.001492537 
  2.51431318685318   2.54950091392864   2.55418052913988    2.6442413128731 
       0.001492537        0.001492537        0.001492537        0.001492537 
  2.69648817857017   2.75134873583321   2.97145176890363                  3 
       0.001492537        0.001492537        0.001492537        0.032835821 
                 4                  5                  6 
       0.002985075        0.001492537        0.001492537 

  Parameters of node tt (multinomial distribution)

Conditional probability table:
 
                     estado
tt                              0           1
  0                   0.346268657 0.232835821
  0.00461458946459414 0.000000000 0.002985075
  0.0184937445863903  0.000000000 0.002985075
  0.029379113531723   0.000000000 0.002985075
  0.03037908708786    0.000000000 0.002985075
  0.0430546119294666  0.000000000 0.002985075
  0.0433803493160457  0.000000000 0.002985075
  0.0490131470437125  0.000000000 0.002985075
  0.0596980785181787  0.000000000 0.002985075
  0.0643164400206224  0.000000000 0.002985075
  0.109008406571062   0.000000000 0.002985075
  0.111743416500503   0.000000000 0.002985075
  0.115573352570991   0.000000000 0.002985075
  0.122522370676788   0.000000000 0.002985075
  0.124325632083396   0.000000000 0.002985075
  0.13044890852914    0.000000000 0.002985075
  0.157272636127478   0.000000000 0.002985075
  0.177658511968683   0.000000000 0.002985075
  0.184210520999356   0.000000000 0.002985075
  0.187375446970469   0.000000000 0.002985075
  0.209021291718064   0.000000000 0.002985075
  0.213510676710991   0.000000000 0.002985075
  0.224241545486427   0.000000000 0.002985075
  0.24340252418402    0.000000000 0.002985075
  0.262035687781666   0.000000000 0.002985075
  0.302117859930696   0.000000000 0.002985075
  0.311737707800535   0.000000000 0.002985075
  0.313539961551244   0.000000000 0.002985075
  0.324525009439874   0.000000000 0.002985075
  0.327722953564262   0.000000000 0.002985075
  0.3361544191474     0.000000000 0.002985075
  0.349343165497571   0.000000000 0.002985075
  0.350618451701643   0.000000000 0.002985075
  0.351608621444269   0.000000000 0.002985075
  0.379522492463917   0.000000000 0.002985075
  0.379760296362601   0.000000000 0.002985075
  0.387896307113043   0.000000000 0.002985075
  0.393458049322191   0.000000000 0.002985075
  0.39838475110987    0.000000000 0.002985075
  0.412454926086097   0.000000000 0.002985075
  0.4508075513689     0.000000000 0.002985075
  0.460560097904359   0.000000000 0.002985075
  0.493609441412809   0.000000000 0.002985075
  0.520232787582904   0.000000000 0.002985075
  0.543901062245007   0.000000000 0.002985075
  0.551325551730125   0.000000000 0.002985075
  0.585749029445577   0.000000000 0.002985075
  0.591657942826009   0.000000000 0.002985075
  0.5965578766632     0.000000000 0.002985075
  0.606498702715287   0.000000000 0.002985075
  0.60702364285966    0.000000000 0.002985075
  0.608415964617557   0.000000000 0.002985075
  0.609898583823574   0.000000000 0.002985075
  0.628727104224287   0.000000000 0.002985075
  0.630864690222564   0.000000000 0.002985075
  0.632275512061041   0.000000000 0.002985075
  0.633365340388022   0.000000000 0.002985075
  0.646573819951558   0.000000000 0.002985075
  0.657185061849081   0.000000000 0.002985075
  0.663037299272358   0.000000000 0.002985075
  0.667286573865504   0.000000000 0.002985075
  0.671803802488604   0.000000000 0.002985075
  0.681176332434905   0.000000000 0.002985075
  0.683604292253508   0.000000000 0.002985075
  0.696794168142546   0.000000000 0.002985075
  0.696902485328463   0.000000000 0.002985075
  0.711912983876331   0.000000000 0.002985075
  0.71242135566608    0.000000000 0.002985075
  0.712526784439093   0.000000000 0.002985075
  0.720469904362154   0.000000000 0.002985075
  0.724518536896797   0.000000000 0.002985075
  0.734619420459022   0.000000000 0.002985075
  0.737944579775242   0.000000000 0.002985075
  0.74152788751241    0.000000000 0.002985075
  0.742563653677093   0.000000000 0.002985075
  0.742645017650984   0.000000000 0.002985075
  0.745734388008057   0.000000000 0.002985075
  0.765984351499634   0.000000000 0.002985075
  0.80438205081332    0.000000000 0.002985075
  0.819682015368715   0.000000000 0.002985075
  0.831727144097088   0.000000000 0.002985075
  0.834145940292868   0.000000000 0.002985075
  0.834874875309621   0.000000000 0.002985075
  0.836049300280899   0.000000000 0.002985075
  0.837022212450441   0.000000000 0.002985075
  0.837293798773783   0.000000000 0.002985075
  0.838490687418309   0.000000000 0.002985075
  0.852039329732377   0.000000000 0.002985075
  0.857011776045939   0.000000000 0.002985075
  0.858872218980218   0.000000000 0.002985075
  0.872517800595673   0.000000000 0.002985075
  0.876397820491609   0.000000000 0.002985075
  0.876633195964795   0.000000000 0.002985075
  0.884947869844231   0.000000000 0.002985075
  0.891638941720248   0.000000000 0.002985075
  0.894567163852826   0.000000000 0.002985075
  0.894984013403095   0.000000000 0.002985075
  0.896485229789018   0.000000000 0.002985075
  0.900998172142728   0.000000000 0.002985075
  0.907330527954936   0.000000000 0.002985075
  0.917692634713301   0.000000000 0.002985075
  0.927333632548984   0.000000000 0.002985075
  0.935610860757239   0.000000000 0.002985075
  0.941665484892935   0.000000000 0.002985075
  0.943023609302676   0.000000000 0.002985075
  0.958272550398492   0.000000000 0.002985075
  0.959341183525234   0.000000000 0.002985075
  0.962987969321103   0.000000000 0.002985075
  0.96788826210441    0.000000000 0.002985075
  0.971792536210914   0.000000000 0.002985075
  0.972244391282883   0.000000000 0.002985075
  0.978157192356913   0.000000000 0.002985075
  0.981355877288188   0.000000000 0.002985075
  0.997727735903196   0.000000000 0.002985075
  0.998796590817233   0.000000000 0.002985075
  1                   0.376119403 0.062686567
  1.01060563136255    0.000000000 0.002985075
  1.03389207352667    0.000000000 0.002985075
  1.05994847566288    0.000000000 0.002985075
  1.06708006062674    0.000000000 0.002985075
  1.07842517078248    0.000000000 0.002985075
  1.09463908814714    0.000000000 0.002985075
  1.14617087953205    0.000000000 0.002985075
  1.14805670167682    0.000000000 0.002985075
  1.15380953273388    0.000000000 0.002985075
  1.1700727109686     0.000000000 0.002985075
  1.2176720869526     0.000000000 0.002985075
  1.22972345597909    0.000000000 0.002985075
  1.24813775037585    0.000000000 0.002985075
  1.25798208326973    0.000000000 0.002985075
  1.26487798914015    0.000000000 0.002985075
  1.26937771244582    0.000000000 0.002985075
  1.27138694401047    0.000000000 0.002985075
  1.30405963028691    0.000000000 0.002985075
  1.3292995140542     0.000000000 0.002985075
  1.3315416372615     0.000000000 0.002985075
  1.33886982993039    0.000000000 0.002985075
  1.35401570904677    0.000000000 0.002985075
  1.35703504241328    0.000000000 0.002985075
  1.36210245286647    0.000000000 0.002985075
  1.40061409702079    0.000000000 0.002985075
  1.41648184246301    0.000000000 0.002985075
  1.42691962950152    0.000000000 0.002985075
  1.42775269221946    0.000000000 0.002985075
  1.43258266180485    0.000000000 0.002985075
  1.44017143313368    0.000000000 0.002985075
  1.45623168516857    0.000000000 0.002985075
  1.46666566770022    0.000000000 0.002985075
  1.57756663623871    0.000000000 0.002985075
  1.60458365312256    0.000000000 0.002985075
  1.60568554326978    0.000000000 0.002985075
  1.62878629325491    0.000000000 0.002985075
  1.63829673479283    0.000000000 0.002985075
  1.65283861627156    0.000000000 0.002985075
  1.65911419075055    0.000000000 0.002985075
  1.68539887191914    0.000000000 0.002985075
  1.68944175481416    0.000000000 0.002985075
  1.68971903567203    0.000000000 0.002985075
  1.69538692067681    0.000000000 0.002985075
  1.71661585551357    0.000000000 0.002985075
  1.71909695657104    0.000000000 0.002985075
  1.72780212275701    0.000000000 0.002985075
  1.72861830652796    0.000000000 0.002985075
  1.73035246236634    0.000000000 0.002985075
  1.76089856689744    0.000000000 0.002985075
  1.76733012044783    0.000000000 0.002985075
  1.80667640883142    0.000000000 0.002985075
  1.83161782330738    0.000000000 0.002985075
  1.83174713517745    0.000000000 0.002985075
  1.83473227228672    0.000000000 0.002985075
  1.84955117964615    0.000000000 0.002985075
  1.85548082259761    0.000000000 0.002985075
  1.88643090198512    0.000000000 0.002985075
  1.9090476931301     0.000000000 0.002985075
  1.92378936648187    0.000000000 0.002985075
  1.94290353780725    0.000000000 0.002985075
  1.98079708352573    0.000000000 0.002985075
  2                   0.188059701 0.167164179
  2.15641841114183    0.000000000 0.002985075
  2.23140847213354    0.000000000 0.002985075
  2.62581125070826    0.000000000 0.002985075
  2.73474170882771    0.000000000 0.002985075
  3                   0.068656716 0.002985075
  4                   0.020895522 0.000000000

  Parameters of node pt (multinomial distribution)

Conditional probability table:
                  0 0.0529320644941755 0.0570964621927472  0.059948475662883 
       0.219402985        0.001492537        0.001492537        0.001492537 
0.0642234757911806 0.0670800606267403 0.0796489616276499  0.144519177402387 
       0.001492537        0.001492537        0.001492537        0.001492537 
 0.145332734902032  0.153809532733883  0.163514736453513  0.165854059707132 
       0.001492537        0.001492537        0.001492537        0.001492537 
 0.177658511968683  0.178641008049909  0.187375446970469  0.200491261954642 
       0.001492537        0.001492537        0.001492537        0.001492537 
 0.208188069089343  0.209021291718064  0.239287170695833  0.248137750375847 
       0.001492537        0.001492537        0.001492537        0.001492537 
 0.249630241634351  0.257982083269728  0.264877989140154  0.266667166149889 
       0.001492537        0.001492537        0.001492537        0.001492537 
 0.268093411120773  0.269236822275243  0.269377712445818  0.271386944010469 
       0.001492537        0.001492537        0.001492537        0.001492537 
 0.282959237947877  0.300897640707708  0.303097514671537  0.304613079323189 
       0.001492537        0.001492537        0.001492537        0.001492537 
 0.314601128080862  0.316395707746492  0.329105938608827   0.33886982993039 
       0.001492537        0.001492537        0.001492537        0.001492537 
 0.342814938150919  0.347161383728438  0.354015709046771   0.35621067783304 
       0.001492537        0.001492537        0.001492537        0.001492537 
 0.357035042413278  0.362102452866472  0.384657636690546  0.393501297284713 
       0.001492537        0.001492537        0.001492537        0.001492537 
  0.39431445673022   0.41648184246301  0.422433363761294  0.426617519836492 
       0.001492537        0.001492537        0.001492537        0.001492537 
 0.427752692219462  0.438701176144238  0.456098937754993  0.471511804651338 
       0.001492537        0.001492537        0.001492537        0.001492537 
 0.471873292629875  0.473130924430266  0.497958458030549  0.523731692843371 
       0.001492537        0.001492537        0.001492537        0.001492537 
 0.525799386528285  0.530761159081955  0.539295075267326  0.553885378670592 
       0.001492537        0.001492537        0.001492537        0.001492537 
 0.559828566866322  0.565538703963973   0.56741733819515  0.574946431121814 
       0.001492537        0.001492537        0.001492537        0.001492537 
 0.616371003702744  0.637422450738144  0.637647335130191  0.643538097205626 
       0.001492537        0.001492537        0.001492537        0.001492537 
 0.653394529258684  0.655841225410293  0.659615378695168  0.666356713067248 
       0.001492537        0.001492537        0.001492537        0.001492537 
 0.668458362738504  0.673925401455285  0.711517374253793  0.711880692154746 
       0.001492537        0.001492537        0.001492537        0.001492537 
 0.733269319223957  0.737944579775242  0.740532516361988  0.742545791551425 
       0.001492537        0.001492537        0.001492537        0.001492537 
 0.742563653677093  0.742645017650984  0.744564642080889  0.748953965020245 
       0.001492537        0.001492537        0.001492537        0.001492537 
 0.770276544020909  0.789123457613468  0.800341941507403  0.806676408831422 
       0.001492537        0.001492537        0.001492537        0.001492537 
 0.814393146627455  0.815789479000644  0.819148367396413  0.819682015368715 
       0.001492537        0.001492537        0.001492537        0.001492537 
 0.823333665275634  0.829927289031402  0.830037522916626  0.831617823307376 
       0.001492537        0.001492537        0.001492537        0.001492537 
 0.834713289053398  0.837737495280063  0.842733276569863   0.84472087740708 
       0.001492537        0.001492537        0.001492537        0.001492537 
 0.847761010738862  0.858307927756786  0.864309153263979  0.870695490372568 
       0.001492537        0.001492537        0.001492537        0.001492537 
 0.874065266649078  0.893244661644504  0.901561475220492   0.90587570984701 
       0.001492537        0.001492537        0.001492537        0.001492537 
 0.921574829217516  0.940171713353466  0.945804738480262  0.962216001784408 
       0.001492537        0.001492537        0.001492537        0.001492537 
  0.97137362629365  0.981213464485288  0.990398541762864                  1 
       0.001492537        0.001492537        0.001492537        0.311940299 
  1.00120340918277    1.0022722640968   1.03810531675907   1.04172744960151 
       0.001492537        0.001492537        0.001492537        0.001492537 
   1.0823073652867   1.08263386385664    1.1050159865969   1.11076487875834 
       0.001492537        0.001492537        0.001492537        0.001492537 
  1.11505213015577   1.15105892996535   1.15641841114183   1.16270620122622 
       0.001492537        0.001492537        0.001492537        0.001492537 
  1.16512512469038   1.16827285590291   1.20344478735707   1.23140847213354 
       0.001492537        0.001492537        0.001492537        0.001492537 
  1.25854973763961   1.27953009563785   1.28550496791916   1.37958333735229 
       0.001492537        0.001492537        0.001492537        0.001492537 
  1.39158403538244    1.4034421233368   1.41425097055442   1.42597164916159 
       0.001492537        0.001492537        0.001492537        0.001492537 
   1.4350766216695   1.48305396323667   1.51604477274372   1.52756699853068 
       0.001492537        0.001492537        0.001492537        0.001492537 
  1.57149411197703   1.57584078660064   1.59359401043516   1.60333428597088 
       0.001492537        0.001492537        0.001492537        0.001492537 
  1.60654195067781   1.62581125070826   1.63632694030636   1.64938154829836 
       0.001492537        0.001492537        0.001492537        0.001492537 
  1.65065683450243   1.65471972065856   1.73474170882771   1.77575845451357 
       0.001492537        0.001492537        0.001492537        0.001492537 
  1.77651316699899   1.78995552859943   1.81072182370571   1.82419568927787 
       0.001492537        0.001492537        0.001492537        0.001492537 
  1.84272736387252   1.84809935076623   1.86685772306097    1.8756743679166 
       0.001492537        0.001492537        0.001492537        0.001492537 
  1.90798597401708   1.94166548489294   1.97549342647814   1.98150625541361 
       0.001492537        0.001492537        0.001492537        0.001492537 
  1.99135908683994   1.99538541053541                  2                  3 
       0.001492537        0.001492537        0.150746269        0.055223881 
                 4                  5 
       0.007462687        0.004477612 

  Parameters of node game_score (multinomial distribution)

Conditional probability table:
                  0 0.0215273059647333 0.0245065735218563 0.0276477439032115 
       0.337313433        0.001492537        0.001492537        0.001492537 
0.0596980785181787 0.0642234757911806  0.073760174734176 0.0784251707824845 
       0.001492537        0.001492537        0.001492537        0.001492537 
0.0894278813672683  0.111743416500503   0.12109044090401  0.146170879532046 
       0.001492537        0.001492537        0.001492537        0.001492537 
 0.153809532733883  0.155868853900267  0.156769980775622  0.163514736453513 
       0.001492537        0.001492537        0.001492537        0.001492537 
 0.217672086952602  0.257982083269728  0.269377712445818  0.295828971413004 
       0.001492537        0.001492537        0.001492537        0.001492537 
 0.304059630286908  0.327722953564262  0.331541637261496   0.33886982993039 
       0.001492537        0.001492537        0.001492537        0.001492537 
 0.354015709046771   0.35621067783304  0.357035042413278  0.370763943756205 
       0.001492537        0.001492537        0.001492537        0.001492537 
 0.379760296362601   0.39838475110987   0.40061409702079   0.40219102540666 
       0.001492537        0.001492537        0.001492537        0.001492537 
  0.42850588802297   0.46780543037862  0.471511804651338  0.493609441412809 
       0.001492537        0.001492537        0.001492537        0.001492537 
 0.505302815681273  0.530761159081955  0.565918475895753  0.574946431121814 
       0.001492537        0.001492537        0.001492537        0.001492537 
 0.628727104224287  0.632275512061041  0.637647335130191  0.653394529258684 
       0.001492537        0.001492537        0.001492537        0.001492537 
 0.655841225410293  0.659795293362333  0.673925401455285  0.674719556488087 
       0.001492537        0.001492537        0.001492537        0.001492537 
 0.727802122757014  0.733269319223957  0.802291826561278  0.806676408831422 
       0.001492537        0.001492537        0.001492537        0.001492537 
 0.814393146627455  0.819148367396413  0.829557095375273  0.831617823307376 
       0.001492537        0.001492537        0.001492537        0.001492537 
 0.838490687418309   0.84472087740708  0.844859517836015  0.858307927756786 
       0.001492537        0.001492537        0.001492537        0.001492537 
 0.860130809583535  0.864309153263979  0.872517800595673  0.876633195964795 
       0.001492537        0.001492537        0.001492537        0.001492537 
 0.886430901985124  0.896485229789018  0.907330527954936  0.915873567588727 
       0.001492537        0.001492537        0.001492537        0.001492537 
 0.928045095566808  0.941182743702189  0.958272550398492  0.961894683240934 
       0.001492537        0.001492537        0.001492537        0.001492537 
 0.981213464485288  0.990398541762864  0.997727735903196                  1 
       0.001492537        0.001492537        0.001492537        0.267164179 
  1.00120340918277     1.018667758105   1.02646603224709   1.04547615343495 
       0.001492537        0.001492537        0.001492537        0.001492537 
   1.0541043812295    1.0577866762855   1.07225958870119   1.08263386385664 
       0.001492537        0.001492537        0.001492537        0.001492537 
  1.13569347200523   1.15044882035385   1.15641841114183   1.15730056404043 
       0.001492537        0.001492537        0.001492537        0.001492537 
  1.19232881834527   1.26666716614989   1.26964753763366   1.28276935198199 
       0.001492537        0.001492537        0.001492537        0.001492537 
   1.3292995140542   1.37228232104044   1.37958333735229   1.39456172880673 
       0.001492537        0.001492537        0.001492537        0.001492537 
  1.42597164916159    1.4350766216695   1.47967059176262   1.48305396323667 
       0.001492537        0.001492537        0.001492537        0.001492537 
  1.49067793864409   1.52756699853068   1.55661680499063   1.61295452335319 
       0.001492537        0.001492537        0.001492537        0.001492537 
  1.61570423606677   1.62581125070826   1.62713280599597   1.63632694030636 
       0.001492537        0.001492537        0.001492537        0.001492537 
   1.6377407315516   1.64938154829836   1.66007504583325   1.66635671306725 
       0.001492537        0.001492537        0.001492537        0.001492537 
  1.71345981475076   1.73474170882771   1.74139098074514   1.75802238637186 
       0.001492537        0.001492537        0.001492537        0.001492537 
  1.76319441344572   1.82419568927787   1.83773749528006   1.86685772306097 
       0.001492537        0.001492537        0.001492537        0.001492537 
   1.8756743679166   1.88333096978587    1.8932446616445   1.90536091185286 
       0.001492537        0.001492537        0.001492537        0.001492537 
  1.90798597401708   1.98531044323414   1.99135908683994                  2 
       0.001492537        0.001492537        0.001492537        0.162686567 
                 3                  4 
       0.034328358        0.011940299 

  Parameters of node op1 (conditional Gaussian distribution)

Conditional density: op1 | op2 + op5 + estado
Coefficients:
                       0            1
(Intercept)   0.39615832   0.44475987
op2           0.17306946  -0.05674264
op5           0.14602251  -0.34585199
Standard deviation of the residuals:
        0          1  
0.4820144  0.4603484  
Discrete parents' configurations:
   estado
0       0
1       1

  Parameters of node op2 (conditional Gaussian distribution)

Conditional density: op2 | op5 + op6 + estado
Coefficients:
                       0            1
(Intercept)   0.55432078   0.51230407
op5           0.15750754  -0.07141289
op6           0.10584209   0.44645203
Standard deviation of the residuals:
        0          1  
0.4597338  0.4451679  
Discrete parents' configurations:
   estado
0       0
1       1

  Parameters of node op3 (conditional Gaussian distribution)

Conditional density: op3 | op1 + op4 + op5 + op6 + sv2 + sv4 + sv6 + score + score_p + score_d + estado
Coefficients:
                        0             1
(Intercept)  -0.127170903  -0.541020487
op1           0.025363733  -0.121214272
op4           0.058809649   0.201909854
op5           0.268494923   0.207684046
op6           0.112908684  -0.012813802
sv2           0.292101763   0.149364868
sv4           0.160188010   0.325812903
sv6          -0.005711363   0.318058764
score         0.065663256   0.140992574
score_p      -0.111613627  -0.201682172
score_d      -0.085904611  -0.081105756
Standard deviation of the residuals:
        0          1  
0.4410880  0.3710464  
Discrete parents' configurations:
   estado
0       0
1       1

  Parameters of node op4 (Gaussian distribution)

Conditional density: op4
Coefficients:
(Intercept)  
  0.4462687  
Standard deviation of the residuals: 0.4974759 

  Parameters of node op5 (conditional Gaussian distribution)

Conditional density: op5 | op4 + estado
Coefficients:
                       0            1
(Intercept)  0.290502793  0.005208333
op4          0.305651053  0.372414044
Standard deviation of the residuals:
        0          1  
0.4728406  0.3223561  
Discrete parents' configurations:
   estado
0       0
1       1

  Parameters of node op6 (conditional Gaussian distribution)

Conditional density: op6 | op5 + estado
Coefficients:
                     0          1
(Intercept)  0.4315789  0.1964286
op5          0.1408348  0.5672078
Standard deviation of the residuals:
        0          1  
0.4965351  0.4031546  
Discrete parents' configurations:
   estado
0       0
1       1

  Parameters of node sv1 (Gaussian distribution)

Conditional density: sv1 | op1 + op2 + score_a
Coefficients:
 (Intercept)           op1           op2       score_a  
 0.982310172   0.020051819   0.023688551  -0.004283149  
Standard deviation of the residuals: 0.1007688 

  Parameters of node sv2 (conditional Gaussian distribution)

Conditional density: sv2 | op1 + op2 + op5 + op6 + sv1 + score_p + score_s + estado
Coefficients:
                       0            1
(Intercept)   0.49957011   0.73191494
op1           0.02701943  -0.11398893
op2           0.14981098   0.44841521
op5           0.04126344  -0.07750355
op6           0.03820221   0.11602546
sv1           0.26890606   0.00000000
score_p      -0.00328079  -0.12525646
score_s       0.01548021   0.09284477
Standard deviation of the residuals:
        0          1  
0.2166308  0.2619775  
Discrete parents' configurations:
   estado
0       0
1       1

  Parameters of node sv3 (conditional Gaussian distribution)

Conditional density: sv3 | op1 + op2 + op4 + op5 + sv2 + sv4 + sv5 + sv6 + score + score_p + score_d + estado
Coefficients:
                         0              1
(Intercept)  -0.1968592311  -0.6503627362
op1           0.0283228630  -0.1206302205
op2           0.0002599936  -0.1355154460
op4           0.0631711283   0.1996935869
op5           0.2457699503   0.2095974091
sv2           0.2716765266   0.2581027564
sv4           0.1383978750   0.2170302732
sv5           0.1628120399   0.2128489517
sv6           0.0577365757   0.2652978792
score         0.0626458107   0.1489505577
score_p      -0.1111438295  -0.1904081790
score_d      -0.0888524391  -0.0918472458
Standard deviation of the residuals:
        0          1  
0.4417046  0.3639833  
Discrete parents' configurations:
   estado
0       0
1       1

  Parameters of node sv4 (conditional Gaussian distribution)

Conditional density: sv4 | op2 + op4 + op5 + op6 + score + score_p + estado
Coefficients:
                       0            1
(Intercept)   0.38078957   0.62433278
op2          -0.04385835  -0.08203918
op4           0.43691827   0.33847698
op5           0.13878859  -0.25333199
op6          -0.01348680   0.19296315
score         0.01319212  -0.12288394
score_p       0.01295848   0.29717852
Standard deviation of the residuals:
        0          1  
0.3600848  0.3099517  
Discrete parents' configurations:
   estado
0       0
1       1

  Parameters of node sv5 (conditional Gaussian distribution)

Conditional density: sv5 | op2 + op3 + op5 + sv2 + sv4 + sv6 + score + estado
Coefficients:
                       0            1
(Intercept)   0.42136200   0.43798534
op2           0.03666878   0.23846237
op3           0.06962053   0.13567368
op5           0.15120506  -0.01358317
sv2           0.10936873  -0.24878972
sv4           0.05245825   0.42619400
sv6           0.02446332   0.21272429
score         0.02492707  -0.02299404
Standard deviation of the residuals:
        0          1  
0.3021383  0.3142024  
Discrete parents' configurations:
   estado
0       0
1       1

  Parameters of node sv6 (conditional Gaussian distribution)

Conditional density: sv6 | op1 + op2 + op6 + sv2 + sv4 + score_a + score_p + score_d + score_s + estado
Coefficients:
                         0              1
(Intercept)   0.2074949327   0.2436406516
op1           0.0114705204  -0.2575572329
op2           0.1214111567  -0.0006814367
op6           0.3777211034   0.3205686212
sv2           0.1964477479  -0.2772997963
sv4           0.1480406718   0.1543563613
score_a       0.0092397570   0.0799166404
score_p      -0.0177995275   0.1129989558
score_d      -0.0033946202   0.0819822824
score_s       0.0168334318  -0.0746406181
Standard deviation of the residuals:
        0          1  
0.3373180  0.2800572  
Discrete parents' configurations:
   estado
0       0
1       1

  Parameters of node score (conditional Gaussian distribution)

Conditional density: score | op2 + op5 + estado
Coefficients:
                       0            1
(Intercept)   6.98800931   5.75656288
op2           0.01998448   1.07834758
op5           0.25172681  -0.81781644
Standard deviation of the residuals:
       0         1  
2.208643  1.779846  
Discrete parents' configurations:
   estado
0       0
1       1

  Parameters of node score_a (conditional Gaussian distribution)

Conditional density: score_a | op1 + op4 + op5 + score + estado
Coefficients:
                       0            1
(Intercept)  -0.05071560   0.20965340
op1           0.11223698   0.15854589
op4          -0.08164501  -0.15883197
op5          -0.07431147  -0.44217472
score         0.63091510   0.57512566
Standard deviation of the residuals:
        0          1  
0.6835039  0.5567042  
Discrete parents' configurations:
   estado
0       0
1       1

  Parameters of node score_p (conditional Gaussian distribution)

Conditional density: score_p | op1 + op5 + op6 + score + score_a + score_d + estado
Coefficients:
                       0            1
(Intercept)  -0.42578787  -0.89164344
op1           0.08536648   0.12618380
op5           0.02367996   0.50511076
op6           0.02752682   0.12880057
score         1.01951249   0.93756038
score_a      -0.54254693  -0.44558014
score_d      -0.58963608  -0.43876776
Standard deviation of the residuals:
        0          1  
0.4946731  0.4677766  
Discrete parents' configurations:
   estado
0       0
1       1

  Parameters of node score_d (conditional Gaussian distribution)

Conditional density: score_d | op1 + op2 + op4 + op5 + score + score_a + estado
Coefficients:
                       0            1
(Intercept)  -0.19795183   0.24884426
op1           0.09664296   0.16391426
op2           0.07872595  -0.36461061
op4          -0.05525603  -0.48590994
op5           0.08240178   0.43160119
score         0.12136599   0.18004850
score_a       0.32038248   0.22682548
Standard deviation of the residuals:
        0          1  
0.7075669  0.6031814  
Discrete parents' configurations:
   estado
0       0
1       1

  Parameters of node score_s (conditional Gaussian distribution)

Conditional density: score_s | op1 + op4 + score + score_a + score_p + score_d + estado
Coefficients:
                       0            1
(Intercept)   0.30266430   0.26209602
op1           0.02794245   0.32918625
op4           0.10694292  -0.12182484
score         0.66229758   0.16087755
score_a      -0.31377431   0.11920264
score_p      -0.52090398  -0.11335510
score_d       0.09613410   0.28941068
Standard deviation of the residuals:
        0          1  
0.5982427  0.5276919  
Discrete parents' configurations:
   estado
0       0
1       1

  Parameters of node programa (conditional Gaussian distribution)

Conditional density: programa | op4 + op5 + sv2 + score_a + score_s + estado
Coefficients:
                       0            1
(Intercept)   4.48333145   3.91442480
op4           0.03806854   0.24347728
op5          -0.05133062  -0.33677148
sv2          -0.09731561  -0.30038569
score_a      -0.02396619   0.10981980
score_s      -0.09638391  -0.27916794
Standard deviation of the residuals:
        0          1  
0.9610042  0.6542567  
Discrete parents' configurations:
   estado
0       0
1       1

  Parameters of node sol1 (multinomial distribution)

Conditional probability table:
                  0 0.0939326775735587  0.106755338355496  0.162262504719937 
       0.055223881        0.001492537        0.001492537        0.001492537 
 0.251046034979755  0.333643286932752  0.362577549261856  0.502041541969451 
       0.001492537        0.001492537        0.001492537        0.001492537 
   0.5965578766632  0.604235719861392  0.733332833850111  0.894984013403095 
       0.001492537        0.001492537        0.001492537        0.001492537 
 0.917692634713301                  1   1.49728902515872   1.70102353318834 
       0.001492537        0.004477612        0.001492537        0.001492537 
  1.79050649207651   1.94290353780725                  2   2.71151737425379 
       0.001492537        0.001492537        0.001492537        0.001492537 
  2.78717667257018   2.84765193550533   2.97137362629365                  3 
       0.001492537        0.001492537        0.001492537        0.001492537 
  3.25854973763961   3.67383345095402                  4   4.01210145783739 
       0.001492537        0.001492537        0.026865672        0.001492537 
  4.05219255193504   4.07376017473418   4.14796067026762   4.18242631773244 
       0.001492537        0.001492537        0.001492537        0.001492537 
  4.24197761362814   4.27219787724299   4.28654018524924   4.31283682228367 
       0.001492537        0.001492537        0.001492537        0.001492537 
  4.35342618004844   4.39427492819828   4.42166681781548   4.45609893775499 
       0.001492537        0.001492537        0.001492537        0.001492537 
  4.46333264529676   4.47291468643677    4.4797672124171   4.52032940823738 
       0.001492537        0.001492537        0.001492537        0.001492537 
  4.52579938652828    4.5491924486311   4.57224730778054   4.58351815753699 
       0.001492537        0.001492537        0.001492537        0.001492537 
   4.5875450739139   4.59780897459334   4.60543827119327   4.62771767895956 
       0.001492537        0.001492537        0.001492537        0.001492537 
  4.63789754713353   4.68629931687006   4.69283858544192   4.71723064801801 
       0.001492537        0.001492537        0.001492537        0.001492537 
  4.73512201085985   4.75186224962415    4.8003419415074   4.80767118165473 
       0.001492537        0.001492537        0.001492537        0.001492537 
  4.81578947900064   4.87406526664908   4.94005152433712   4.97353396775291 
       0.001492537        0.001492537        0.001492537        0.001492537 
                 5    5.0022722640968    5.0036102275483   5.00820790692142 
       0.116417910        0.001492537        0.001492537        0.001492537 
  5.02239774837275   5.02775560871712   5.04172744960151   5.05600327431501 
       0.001492537        0.001492537        0.001492537        0.001492537 
  5.07195490443319   5.09335387068184   5.11557335257099   5.13569347200523 
       0.001492537        0.001492537        0.001492537        0.001492537 
  5.14447757425727    5.1571083450347   5.16150931258169   5.16270620122622 
       0.001492537        0.001492537        0.001492537        0.001492537 
  5.20344478735707   5.20818806908934   5.22163419701006   5.24963024163435 
       0.001492537        0.001492537        0.001492537        0.001492537 
  5.26809341112077   5.26923682227524   5.28550496791916   5.31453344686027 
       0.001492537        0.001492537        0.001492537        0.001492537 
  5.32528044351191   5.35531702393737   5.37127289577571   5.39010141617643 
       0.001492537        0.001492537        0.001492537        0.001492537 
  5.41425097055442   5.46948341765542   5.47187329262988   5.49267786619526 
       0.001492537        0.001492537        0.001492537        0.001492537 
  5.51021813290579   5.51744404996534   5.52407137556333   5.55388537867059 
       0.001492537        0.001492537        0.001492537        0.001492537 
  5.56048289978271   5.57623861569051   5.60654195067781   5.61570423606677 
       0.001492537        0.001492537        0.001492537        0.001492537 
  5.62581125070826   5.63465896585778   5.65065683450243    5.6638455808526 
       0.001492537        0.001492537        0.001492537        0.001492537 
  5.68076924260966   5.75659747581598   5.80166714298544    5.8132017937339 
       0.001492537        0.001492537        0.001492537        0.001492537 
  5.82333366527563    5.8347132890534   5.84776101073886    5.8882565834995 
       0.001492537        0.001492537        0.001492537        0.001492537 
  5.89099159342894   5.90156147522049   5.90587570984701   5.91057211863273 
       0.001492537        0.001492537        0.001492537        0.001492537 
  5.92112019580872   5.94030192148182   5.95253661431326   5.97235225609679 
       0.001492537        0.001492537        0.001492537        0.001492537 
  5.98014243090084   5.98135587728819   5.98150625541361                  6 
       0.001492537        0.001492537        0.001492537        0.059701493 
   6.0541043812295   6.05982828664653   6.07351972056557   6.11323360998127 
       0.001492537        0.001492537        0.001492537        0.001492537 
  6.14676496032702   6.26172938044513   6.29774798541455   6.32051429940103 
       0.001492537        0.001492537        0.001492537        0.001492537 
  6.34602334480963   6.35126885532448   6.48512730735419   6.48915336839968 
       0.001492537        0.001492537        0.001492537        0.001492537 
  6.59938590297921   6.63936403073743   6.67404442490088   6.71774443796044 
       0.001492537        0.001492537        0.001492537        0.001492537 
  6.76319441344572   6.81705662980934    6.8407020767447   6.85382912046795 
       0.001492537        0.001492537        0.001492537        0.001492537 
  6.87639782049161   6.94358507242183   6.94814464489507                  7 
       0.001492537        0.001492537        0.001492537        0.086567164 
  7.01728182632012   7.06431644002062   7.08616076203043   7.11229183126862 
       0.001492537        0.001492537        0.001492537        0.001492537 
  7.11633493977608   7.12252237067679   7.14045152171448   7.21299740543057 
       0.001492537        0.001492537        0.001492537        0.001492537 
  7.28551766406891   7.31437012369816   7.36720858450702   7.38789630711304 
       0.001492537        0.001492537        0.001492537        0.001492537 
  7.39380497065692   7.40993863885171   7.51590844704382   7.54950091392864 
       0.001492537        0.001492537        0.001492537        0.001492537 
  7.55418052913988   7.62702310374981   7.66829188058574   7.69648817857017 
       0.001492537        0.001492537        0.001492537        0.001492537 
  7.76598435149963   7.77409095329363    7.8360493002809   7.86985895205186 
       0.001492537        0.001492537        0.001492537        0.001492537 
  7.89456716385283   7.90886273873642   7.91587356758873   7.94486600293864 
       0.001492537        0.001492537        0.001492537        0.001492537 
   7.9629879693211                  8     8.129846756661   8.80667640883142 
       0.001492537        0.165671642        0.001492537        0.001492537 
  8.82433207528458    8.8856840497228                  9 
       0.001492537        0.001492537        0.217910448 

  Parameters of node estado (multinomial distribution)

Conditional probability table:
 
      sol1
estado           0 0.0939326775735587 0.106755338355496 0.162262504719937
     0 0.000000000        0.000000000       0.000000000       0.000000000
     1 1.000000000        1.000000000       1.000000000       1.000000000
      sol1
estado 0.251046034979755 0.333643286932752 0.362577549261856 0.502041541969451
     0       0.000000000       0.000000000       0.000000000       0.000000000
     1       1.000000000       1.000000000       1.000000000       1.000000000
      sol1
estado 0.5965578766632 0.604235719861392 0.733332833850111 0.894984013403095
     0     0.000000000       0.000000000       0.000000000       0.000000000
     1     1.000000000       1.000000000       1.000000000       1.000000000
      sol1
estado 0.917692634713301           1 1.49728902515872 1.70102353318834
     0       0.000000000 0.666666667      0.000000000      0.000000000
     1       1.000000000 0.333333333      1.000000000      1.000000000
      sol1
estado 1.79050649207651 1.94290353780725           2 2.71151737425379
     0      0.000000000      0.000000000 0.000000000      0.000000000
     1      1.000000000      1.000000000 1.000000000      1.000000000
      sol1
estado 2.78717667257018 2.84765193550533 2.97137362629365           3
     0      0.000000000      0.000000000      0.000000000 1.000000000
     1      1.000000000      1.000000000      1.000000000 0.000000000
      sol1
estado 3.25854973763961 3.67383345095402           4 4.01210145783739
     0      0.000000000      0.000000000 0.444444444      0.000000000
     1      1.000000000      1.000000000 0.555555556      1.000000000
      sol1
estado 4.05219255193504 4.07376017473418 4.14796067026762 4.18242631773244
     0      0.000000000      0.000000000      0.000000000      0.000000000
     1      1.000000000      1.000000000      1.000000000      1.000000000
      sol1
estado 4.24197761362814 4.27219787724299 4.28654018524924 4.31283682228367
     0      0.000000000      0.000000000      0.000000000      0.000000000
     1      1.000000000      1.000000000      1.000000000      1.000000000
      sol1
estado 4.35342618004844 4.39427492819828 4.42166681781548 4.45609893775499
     0      0.000000000      0.000000000      0.000000000      0.000000000
     1      1.000000000      1.000000000      1.000000000      1.000000000
      sol1
estado 4.46333264529676 4.47291468643677 4.4797672124171 4.52032940823738
     0      0.000000000      0.000000000     0.000000000      0.000000000
     1      1.000000000      1.000000000     1.000000000      1.000000000
      sol1
estado 4.52579938652828 4.5491924486311 4.57224730778054 4.58351815753699
     0      0.000000000     0.000000000      0.000000000      0.000000000
     1      1.000000000     1.000000000      1.000000000      1.000000000
      sol1
estado 4.5875450739139 4.59780897459334 4.60543827119327 4.62771767895956
     0     0.000000000      0.000000000      0.000000000      0.000000000
     1     1.000000000      1.000000000      1.000000000      1.000000000
      sol1
estado 4.63789754713353 4.68629931687006 4.69283858544192 4.71723064801801
     0      0.000000000      0.000000000      0.000000000      0.000000000
     1      1.000000000      1.000000000      1.000000000      1.000000000
      sol1
estado 4.73512201085985 4.75186224962415 4.8003419415074 4.80767118165473
     0      0.000000000      0.000000000     0.000000000      0.000000000
     1      1.000000000      1.000000000     1.000000000      1.000000000
      sol1
estado 4.81578947900064 4.87406526664908 4.94005152433712 4.97353396775291
     0      0.000000000      0.000000000      0.000000000      0.000000000
     1      1.000000000      1.000000000      1.000000000      1.000000000
      sol1
estado           5 5.0022722640968 5.0036102275483 5.00820790692142
     0 0.153846154     0.000000000     0.000000000      0.000000000
     1 0.846153846     1.000000000     1.000000000      1.000000000
      sol1
estado 5.02239774837275 5.02775560871712 5.04172744960151 5.05600327431501
     0      0.000000000      0.000000000      0.000000000      0.000000000
     1      1.000000000      1.000000000      1.000000000      1.000000000
      sol1
estado 5.07195490443319 5.09335387068184 5.11557335257099 5.13569347200523
     0      0.000000000      0.000000000      0.000000000      0.000000000
     1      1.000000000      1.000000000      1.000000000      1.000000000
      sol1
estado 5.14447757425727 5.1571083450347 5.16150931258169 5.16270620122622
     0      0.000000000     0.000000000      0.000000000      0.000000000
     1      1.000000000     1.000000000      1.000000000      1.000000000
      sol1
estado 5.20344478735707 5.20818806908934 5.22163419701006 5.24963024163435
     0      0.000000000      0.000000000      0.000000000      0.000000000
     1      1.000000000      1.000000000      1.000000000      1.000000000
      sol1
estado 5.26809341112077 5.26923682227524 5.28550496791916 5.31453344686027
     0      0.000000000      0.000000000      0.000000000      0.000000000
     1      1.000000000      1.000000000      1.000000000      1.000000000
      sol1
estado 5.32528044351191 5.35531702393737 5.37127289577571 5.39010141617643
     0      0.000000000      0.000000000      0.000000000      0.000000000
     1      1.000000000      1.000000000      1.000000000      1.000000000
      sol1
estado 5.41425097055442 5.46948341765542 5.47187329262988 5.49267786619526
     0      0.000000000      0.000000000      0.000000000      0.000000000
     1      1.000000000      1.000000000      1.000000000      1.000000000
      sol1
estado 5.51021813290579 5.51744404996534 5.52407137556333 5.55388537867059
     0      0.000000000      0.000000000      0.000000000      0.000000000
     1      1.000000000      1.000000000      1.000000000      1.000000000
      sol1
estado 5.56048289978271 5.57623861569051 5.60654195067781 5.61570423606677
     0      0.000000000      0.000000000      0.000000000      0.000000000
     1      1.000000000      1.000000000      1.000000000      1.000000000
      sol1
estado 5.62581125070826 5.63465896585778 5.65065683450243 5.6638455808526
     0      0.000000000      0.000000000      0.000000000     0.000000000
     1      1.000000000      1.000000000      1.000000000     1.000000000
      sol1
estado 5.68076924260966 5.75659747581598 5.80166714298544 5.8132017937339
     0      0.000000000      0.000000000      0.000000000     0.000000000
     1      1.000000000      1.000000000      1.000000000     1.000000000
      sol1
estado 5.82333366527563 5.8347132890534 5.84776101073886 5.8882565834995
     0      0.000000000     0.000000000      0.000000000     0.000000000
     1      1.000000000     1.000000000      1.000000000     1.000000000
      sol1
estado 5.89099159342894 5.90156147522049 5.90587570984701 5.91057211863273
     0      0.000000000      0.000000000      0.000000000      0.000000000
     1      1.000000000      1.000000000      1.000000000      1.000000000
      sol1
estado 5.92112019580872 5.94030192148182 5.95253661431326 5.97235225609679
     0      0.000000000      0.000000000      0.000000000      0.000000000
     1      1.000000000      1.000000000      1.000000000      1.000000000
      sol1
estado 5.98014243090084 5.98135587728819 5.98150625541361           6
     0      0.000000000      0.000000000      0.000000000 0.625000000
     1      1.000000000      1.000000000      1.000000000 0.375000000
      sol1
estado 6.0541043812295 6.05982828664653 6.07351972056557 6.11323360998127
     0     0.000000000      0.000000000      0.000000000      0.000000000
     1     1.000000000      1.000000000      1.000000000      1.000000000
      sol1
estado 6.14676496032702 6.26172938044513 6.29774798541455 6.32051429940103
     0      0.000000000      0.000000000      0.000000000      0.000000000
     1      1.000000000      1.000000000      1.000000000      1.000000000
      sol1
estado 6.34602334480963 6.35126885532448 6.48512730735419 6.48915336839968
     0      0.000000000      0.000000000      0.000000000      0.000000000
     1      1.000000000      1.000000000      1.000000000      1.000000000
      sol1
estado 6.59938590297921 6.63936403073743 6.67404442490088 6.71774443796044
     0      0.000000000      0.000000000      0.000000000      0.000000000
     1      1.000000000      1.000000000      1.000000000      1.000000000
      sol1
estado 6.76319441344572 6.81705662980934 6.8407020767447 6.85382912046795
     0      0.000000000      0.000000000     0.000000000      0.000000000
     1      1.000000000      1.000000000     1.000000000      1.000000000
      sol1
estado 6.87639782049161 6.94358507242183 6.94814464489507           7
     0      0.000000000      0.000000000      0.000000000 0.896551724
     1      1.000000000      1.000000000      1.000000000 0.103448276
      sol1
estado 7.01728182632012 7.06431644002062 7.08616076203043 7.11229183126862
     0      0.000000000      0.000000000      0.000000000      0.000000000
     1      1.000000000      1.000000000      1.000000000      1.000000000
      sol1
estado 7.11633493977608 7.12252237067679 7.14045152171448 7.21299740543057
     0      0.000000000      0.000000000      0.000000000      0.000000000
     1      1.000000000      1.000000000      1.000000000      1.000000000
      sol1
estado 7.28551766406891 7.31437012369816 7.36720858450702 7.38789630711304
     0      0.000000000      0.000000000      0.000000000      0.000000000
     1      1.000000000      1.000000000      1.000000000      1.000000000
      sol1
estado 7.39380497065692 7.40993863885171 7.51590844704382 7.54950091392864
     0      0.000000000      0.000000000      0.000000000      0.000000000
     1      1.000000000      1.000000000      1.000000000      1.000000000
      sol1
estado 7.55418052913988 7.62702310374981 7.66829188058574 7.69648817857017
     0      0.000000000      0.000000000      0.000000000      0.000000000
     1      1.000000000      1.000000000      1.000000000      1.000000000
      sol1
estado 7.76598435149963 7.77409095329363 7.8360493002809 7.86985895205186
     0      0.000000000      0.000000000     0.000000000      0.000000000
     1      1.000000000      1.000000000     1.000000000      1.000000000
      sol1
estado 7.89456716385283 7.90886273873642 7.91587356758873 7.94486600293864
     0      0.000000000      0.000000000      0.000000000      0.000000000
     1      1.000000000      1.000000000      1.000000000      1.000000000
      sol1
estado 7.9629879693211           8 8.129846756661 8.80667640883142
     0     0.000000000 0.810810811    0.000000000      0.000000000
     1     1.000000000 0.189189189    1.000000000      1.000000000
      sol1
estado 8.82433207528458 8.8856840497228           9
     0      0.000000000     0.000000000 0.993150685
     1      1.000000000     1.000000000 0.006849315

