
  Bayesian network parameters

  Parameters of node lt (multinomial distribution)

Conditional probability table:
                   0 0.00105476679734795 0.00145165782662771  0.0021471037087808 
        0.500000000         0.001497006         0.001497006         0.001497006 
0.00237033480109949  0.0172634093924309  0.0192333042203128  0.0232959737399516 
        0.001497006         0.001497006         0.001497006         0.001497006 
 0.0238059462837678  0.0252533810591044  0.0458522986610328  0.0476015315225343 
        0.001497006         0.001497006         0.001497006         0.001497006 
 0.0606370967920418  0.0659867885623864   0.081071296563058  0.0876344072992086 
        0.001497006         0.001497006         0.001497006         0.001497006 
 0.0883140215788838  0.0901305588679662  0.0903486416700774   0.101295794626703 
        0.001497006         0.001497006         0.001497006         0.001497006 
  0.105677815729897   0.112037867144445   0.136666424381637   0.155388081739626 
        0.001497006         0.001497006         0.001497006         0.001497006 
  0.157877815714557   0.162080051574009   0.169976763515349   0.170556905661679 
        0.001497006         0.001497006         0.001497006         0.001497006 
  0.172157031724405   0.186736489819541   0.187365076952477   0.195486820943028 
        0.001497006         0.001497006         0.001497006         0.001497006 
  0.199943143740681   0.212871785072042   0.228753897902081   0.228757751115349 
        0.001497006         0.001497006         0.001497006         0.001497006 
   0.24995335390073   0.264085178332735    0.27261998075918   0.274108511558505 
        0.001497006         0.001497006         0.001497006         0.001497006 
  0.293801442723532   0.297794800778804   0.320784740553602   0.335447338673671 
        0.001497006         0.001497006         0.001497006         0.001497006 
  0.336656471214468   0.342321441433006   0.352827579528343    0.35524082763517 
        0.001497006         0.001497006         0.001497006         0.001497006 
  0.361571421718584   0.373957272347633   0.390860587708351   0.394237970758501 
        0.001497006         0.001497006         0.001497006         0.001497006 
  0.399130902186737   0.401182416064729   0.422994570343914   0.437733408030172 
        0.001497006         0.001497006         0.001497006         0.001497006 
  0.449356374436682   0.456846388665914   0.477034040767839   0.477546733148993 
        0.001497006         0.001497006         0.001497006         0.001497006 
  0.481756067418238   0.485204305590525   0.488470522605284   0.488805158148248 
        0.001497006         0.001497006         0.001497006         0.001497006 
  0.533200264127063   0.551895084431585   0.553270953607291   0.562106197347868 
        0.001497006         0.001497006         0.001497006         0.001497006 
  0.570440911089164   0.572193482746909   0.578130033517009   0.580945372424044 
        0.001497006         0.001497006         0.001497006         0.001497006 
  0.586064920424556    0.59779718483283   0.606110855015429   0.610158349414697 
        0.001497006         0.001497006         0.001497006         0.001497006 
   0.61355538226811   0.625260017315139   0.631527765130271   0.650222482813746 
        0.001497006         0.001497006         0.001497006         0.001497006 
  0.674945116805827   0.686678356378829   0.689934982184635   0.706314015038305 
        0.001497006         0.001497006         0.001497006         0.001497006 
  0.707301569966316   0.724743559247869   0.759443151736163   0.779950428923317 
        0.001497006         0.001497006         0.001497006         0.001497006 
  0.786083053436265   0.803666599125512   0.842606733128021   0.844933475426086 
        0.001497006         0.001497006         0.001497006         0.001497006 
  0.870294045312918   0.882706977037891   0.900612556674958   0.925596217342095 
        0.001497006         0.001497006         0.001497006         0.001497006 
  0.965161578388661   0.989688349346911    0.99207190618261   0.993275667549901 
        0.001497006         0.001497006         0.001497006         0.001497006 
                  1    1.03696034669808    1.04434724147524    1.05597934037114 
        0.170658683         0.001497006         0.001497006         0.001497006 
    1.0691390767558    1.07043663901585    1.07348929894018    1.08674711718771 
        0.001497006         0.001497006         0.001497006         0.001497006 
   1.10322426729089    1.13228513185065     1.1372270574736      1.142065403808 
        0.001497006         0.001497006         0.001497006         0.001497006 
   1.18787881464292    1.21210283066793    1.30969262831829     1.3427167072403 
        0.001497006         0.001497006         0.001497006         0.001497006 
   1.39207793724674     1.4434718218427     1.4583111853203    1.57907822681595 
        0.001497006         0.001497006         0.001497006         0.001497006 
   1.60980883291815    1.61113864222521    1.61412206024459    1.62703777265037 
        0.001497006         0.001497006         0.001497006         0.001497006 
   1.64086284484116    1.65336245031998    1.66489040490505    1.67506903725781 
        0.001497006         0.001497006         0.001497006         0.001497006 
    1.6814289235444     1.7138674713963    1.72442015264234    1.75526402042623 
        0.001497006         0.001497006         0.001497006         0.001497006 
   1.82864663116706    1.87381370623333    1.93576372719606    1.95102592711594 
        0.001497006         0.001497006         0.001497006         0.001497006 
                  2    2.43709359342456    2.52010450607045     2.5877309266673 
        0.079341317         0.001497006         0.001497006         0.001497006 
   2.60118732430354    2.64034501343902    2.84998875901608                   3 
        0.001497006         0.001497006         0.001497006         0.028443114 
                  4                   5                   6 
        0.007485030         0.002994012         0.001497006 

  Parameters of node tt (multinomial distribution)

Conditional probability table:
 
                    estado
tt                             0           1
  0                  0.347305389 0.311377246
  0.0021471037087808 0.000000000 0.002994012
  0.0157767980568462 0.000000000 0.002994012
  0.0184514803661602 0.000000000 0.002994012
  0.0208722585825036 0.000000000 0.002994012
  0.0252533810591044 0.000000000 0.002994012
  0.0348384216113391 0.000000000 0.002994012
  0.0489740728840639 0.000000000 0.002994012
  0.13346190191622   0.000000000 0.002994012
  0.14697859788037   0.000000000 0.002994012
  0.148625871886529  0.000000000 0.002994012
  0.162080051574009  0.000000000 0.002994012
  0.169444454048265  0.000000000 0.002994012
  0.174429268087335  0.000000000 0.002994012
  0.178996773522744  0.000000000 0.002994012
  0.181131985142108  0.000000000 0.002994012
  0.187435486564469  0.000000000 0.002994012
  0.189986116110052  0.000000000 0.002994012
  0.193336778389589  0.000000000 0.002994012
  0.197774875803432  0.000000000 0.002994012
  0.202784465743793  0.000000000 0.002994012
  0.211883350555489  0.000000000 0.002994012
  0.224306371984725  0.000000000 0.002994012
  0.227388817374836  0.000000000 0.002994012
  0.247334435079545  0.000000000 0.002994012
  0.24995335390073   0.000000000 0.002994012
  0.258371450976275  0.000000000 0.002994012
  0.275579847357659  0.000000000 0.002994012
  0.286132528603702  0.000000000 0.002994012
  0.318089654596906  0.000000000 0.002994012
  0.320784740553602  0.000000000 0.002994012
  0.324930962742185  0.000000000 0.002994012
  0.326304023903059  0.000000000 0.002994012
  0.343965291114708  0.000000000 0.002994012
  0.346637549680024  0.000000000 0.002994012
  0.364445041058427  0.000000000 0.002994012
  0.375757629285842  0.000000000 0.002994012
  0.385877939755412  0.000000000 0.002994012
  0.389841650585303  0.000000000 0.002994012
  0.390191167081848  0.000000000 0.002994012
  0.390437422182047  0.000000000 0.002994012
  0.40079582280578   0.000000000 0.002994012
  0.405352670134494  0.000000000 0.002994012
  0.411977928642275  0.000000000 0.002994012
  0.420585803475975  0.000000000 0.002994012
  0.428967298095999  0.000000000 0.002994012
  0.456846388665914  0.000000000 0.002994012
  0.465430461622098  0.000000000 0.002994012
  0.466297743298018  0.000000000 0.002994012
  0.470600335181766  0.000000000 0.002994012
  0.477034040767839  0.000000000 0.002994012
  0.488470522605284  0.000000000 0.002994012
  0.488805158148248  0.000000000 0.002994012
  0.511544714453406  0.000000000 0.002994012
  0.531177187289725  0.000000000 0.002994012
  0.545965965002354  0.000000000 0.002994012
  0.571572154387429  0.000000000 0.002994012
  0.578130033517009  0.000000000 0.002994012
  0.586064920424556  0.000000000 0.002994012
  0.591307438501028  0.000000000 0.002994012
  0.593732274444232  0.000000000 0.002994012
  0.606809439914129  0.000000000 0.002994012
  0.607922062753262  0.000000000 0.002994012
  0.616148518790411  0.000000000 0.002994012
  0.636809007936437  0.000000000 0.002994012
  0.657678558566994  0.000000000 0.002994012
  0.690307371681713  0.000000000 0.002994012
  0.699555034372508  0.000000000 0.002994012
  0.766510430568475  0.000000000 0.002994012
  0.787778289969141  0.000000000 0.002994012
  0.787897169332074  0.000000000 0.002994012
  0.790415776366576  0.000000000 0.002994012
  0.804513179056972  0.000000000 0.002994012
  0.804569706145825  0.000000000 0.002994012
  0.829443094338321  0.000000000 0.002994012
  0.831994448958317  0.000000000 0.002994012
  0.899237072014764  0.000000000 0.002994012
  0.911685978421116  0.000000000 0.002994012
  0.913252882812294  0.000000000 0.002994012
  0.925596217342095  0.000000000 0.002994012
  0.935303113020141  0.000000000 0.002994012
  0.95182519185716   0.000000000 0.002994012
  0.955652758524761  0.000000000 0.002994012
  0.963039653301919  0.000000000 0.002994012
  0.977073850669484  0.000000000 0.002994012
  0.979084727402021  0.000000000 0.002994012
  0.982440485838896  0.000000000 0.002994012
  0.986200635210285  0.000000000 0.002994012
  1                  0.362275449 0.038922156
  1.00858609432436   0.000000000 0.002994012
  1.02957123819994   0.000000000 0.002994012
  1.03915396889783   0.000000000 0.002994012
  1.04200569988382   0.000000000 0.002994012
  1.05612001479241   0.000000000 0.002994012
  1.1056778157299    0.000000000 0.002994012
  1.12970595468708   0.000000000 0.002994012
  1.15506652457391   0.000000000 0.002994012
  1.17081962378947   0.000000000 0.002994012
  1.19633340087449   0.000000000 0.002994012
  1.20661952418725   0.000000000 0.002994012
  1.20922302554646   0.000000000 0.002994012
  1.211524058483     0.000000000 0.002994012
  1.21482681842533   0.000000000 0.002994012
  1.22282150698572   0.000000000 0.002994012
  1.23458604592422   0.000000000 0.002994012
  1.24116745265715   0.000000000 0.002994012
  1.28146449052798   0.000000000 0.002994012
  1.2936859849617    0.000000000 0.002994012
  1.3221876699828    0.000000000 0.002994012
  1.32505488319417   0.000000000 0.002994012
  1.32978080981009   0.000000000 0.002994012
  1.33201784306989   0.000000000 0.002994012
  1.3427167072403    0.000000000 0.002994012
  1.3628578470888    0.000000000 0.002994012
  1.3964470864954    0.000000000 0.002994012
  1.40220281516717   0.000000000 0.002994012
  1.41905462757596   0.000000000 0.002994012
  1.42780651725309   0.000000000 0.002994012
  1.42955908891084   0.000000000 0.002994012
  1.44672904639271   0.000000000 0.002994012
  1.46302019625277   0.000000000 0.002994012
  1.51715164771214   0.000000000 0.002994012
  1.51824393258176   0.000000000 0.002994012
  1.53778113382335   0.000000000 0.002994012
  1.5453134174125    0.000000000 0.002994012
  1.55064362556332   0.000000000 0.002994012
  1.62604272765237   0.000000000 0.002994012
  1.62652702036092   0.000000000 0.002994012
  1.63803283185892   0.000000000 0.002994012
  1.63842857828142   0.000000000 0.002994012
  1.66455266132633   0.000000000 0.002994012
  1.66769122499442   0.000000000 0.002994012
  1.71362442601056   0.000000000 0.002994012
  1.71790823020198   0.000000000 0.002994012
  1.72285269343183   0.000000000 0.002994012
  1.72738001924082   0.000000000 0.002994012
  1.7631927800019    0.000000000 0.002994012
  1.77219693783143   0.000000000 0.002994012
  1.77579198573643   0.000000000 0.002994012
  1.79806299115106   0.000000000 0.002994012
  1.80005685625932   0.000000000 0.002994012
  1.80356197291063   0.000000000 0.002994012
  1.8278429682756    0.000000000 0.002994012
  1.83105859636189   0.000000000 0.002994012
  1.84212218428544   0.000000000 0.002994012
  1.88779844528578   0.000000000 0.002994012
  1.90986944113203   0.000000000 0.002994012
  1.91236559270079   0.000000000 0.002994012
  1.91892870343694   0.000000000 0.002994012
  1.92103504031705   0.000000000 0.002994012
  1.93401321143761   0.000000000 0.002994012
  1.94421409172773   0.000000000 0.002994012
  1.95186564157925   0.000000000 0.002994012
  1.95239846847747   0.000000000 0.002994012
  1.95832329442809   0.000000000 0.002994012
  1.97505701289841   0.000000000 0.002994012
  2                  0.203592814 0.149700599
  2.04555547479388   0.000000000 0.002994012
  2.15401085931217   0.000000000 0.002994012
  2.16664134431123   0.000000000 0.002994012
  2.46904432855693   0.000000000 0.002994012
  2.60954887705569   0.000000000 0.002994012
  2.62472906228304   0.000000000 0.002994012
  2.73039147256575   0.000000000 0.002994012
  2.79740841074659   0.000000000 0.002994012
  2.84003483535682   0.000000000 0.002994012
  2.84998875901608   0.000000000 0.002994012
  2.99709668434674   0.000000000 0.002994012
  3                  0.059880240 0.005988024
  4                  0.020958084 0.000000000
  5                  0.005988024 0.000000000

  Parameters of node pt (multinomial distribution)

Conditional probability table:
 
                    estado
pt                             0           1
  0                  0.320359281 0.155688623
  0.0021471037087808 0.000000000 0.002994012
  0.0104361292912518 0.000000000 0.002994012
  0.0106994934028186 0.000000000 0.002994012
  0.0252533810591044 0.000000000 0.002994012
  0.0744037826579054 0.000000000 0.002994012
  0.0750056204919622 0.000000000 0.002994012
  0.0789389078572784 0.000000000 0.002994012
  0.0903486416700774 0.000000000 0.002994012
  0.0993874433250425 0.000000000 0.002994012
  0.103224267290886  0.000000000 0.002994012
  0.128891185593059  0.000000000 0.002994012
  0.137227057473598  0.000000000 0.002994012
  0.168005551041683  0.000000000 0.002994012
  0.170819623789468  0.000000000 0.002994012
  0.209223025546463  0.000000000 0.002994012
  0.220049571076683  0.000000000 0.002994012
  0.22567575030859   0.000000000 0.002994012
  0.234586045924219  0.000000000 0.002994012
  0.277147306568171  0.000000000 0.002994012
  0.296866137222116  0.000000000 0.002994012
  0.301646817945063  0.000000000 0.002994012
  0.312004688504523  0.000000000 0.002994012
  0.325054883194173  0.000000000 0.002994012
  0.334985487641806  0.000000000 0.002994012
  0.342716707240302  0.000000000 0.002994012
  0.349777517186254  0.000000000 0.002994012
  0.35524082763517   0.000000000 0.002994012
  0.359654986560982  0.000000000 0.002994012
  0.361571421718584  0.000000000 0.002994012
  0.368472234869729  0.000000000 0.002994012
  0.375270937716959  0.000000000 0.002994012
  0.382998619898552  0.000000000 0.002994012
  0.393889144984571  0.000000000 0.002994012
  0.398812675696455  0.000000000 0.002994012
  0.40321331772297   0.000000000 0.002994012
  0.412269073332699  0.000000000 0.002994012
  0.438420292321323  0.000000000 0.002994012
  0.444595000014698  0.000000000 0.002994012
  0.446729046392709  0.000000000 0.002994012
  0.458311185320296  0.000000000 0.002994012
  0.480441142577328  0.000000000 0.002994012
  0.481756067418238  0.000000000 0.002994012
  0.488455285546594  0.000000000 0.002994012
  0.491220242919448  0.000000000 0.002994012
  0.493100317605143  0.000000000 0.002994012
  0.506832402510319  0.000000000 0.002994012
  0.511194841851752  0.000000000 0.002994012
  0.519576984448917  0.000000000 0.002994012
  0.522453266851007  0.000000000 0.002994012
  0.529399664818234  0.000000000 0.002994012
  0.536979803747225  0.000000000 0.002994012
  0.538357956521074  0.000000000 0.002994012
  0.550643625563318  0.000000000 0.002994012
  0.578130033517009  0.000000000 0.002994012
  0.59920417719422   0.000000000 0.002994012
  0.607413409212667  0.000000000 0.002994012
  0.620583726328577  0.000000000 0.002994012
  0.627037772650366  0.000000000 0.002994012
  0.647172420471657  0.000000000 0.002994012
  0.703537791203114  0.000000000 0.002994012
  0.723934336282151  0.000000000 0.002994012
  0.775693628015275  0.000000000 0.002994012
  0.788475941517002  0.000000000 0.002994012
  0.800742822610088  0.000000000 0.002994012
  0.813263510180459  0.000000000 0.002994012
  0.827842968275595  0.000000000 0.002994012
  0.830023236484651  0.000000000 0.002994012
  0.830555545951735  0.000000000 0.002994012
  0.870814274511863  0.000000000 0.002994012
  0.877632010213116  0.000000000 0.002994012
  0.899031495575528  0.000000000 0.002994012
  0.909373165174992  0.000000000 0.002994012
  0.920236104886942  0.000000000 0.002994012
  0.935763727196058  0.000000000 0.002994012
  0.950049907239768  0.000000000 0.002994012
  0.976194053716232  0.000000000 0.002994012
  1                  0.353293413 0.359281437
  1.01923330422031   0.000000000 0.002994012
  1.02091527259798   0.000000000 0.002994012
  1.02329597373995   0.000000000 0.002994012
  1.04434724147524   0.000000000 0.002994012
  1.06469688697986   0.000000000 0.002994012
  1.09997157187034   0.000000000 0.002994012
  1.10231512111176   0.000000000 0.002994012
  1.1054544252314    0.000000000 0.002994012
  1.15401085931217   0.000000000 0.002994012
  1.16664134431123   0.000000000 0.002994012
  1.18697863617382   0.000000000 0.002994012
  1.22031669882939   0.000000000 0.002994012
  1.22875775111535   0.000000000 0.002994012
  1.23653211197725   0.000000000 0.002994012
  1.24264291953154   0.000000000 0.002994012
  1.27410851155851   0.000000000 0.002994012
  1.28637557398944   0.000000000 0.002994012
  1.28875123807412   0.000000000 0.002994012
  1.29380144272353   0.000000000 0.002994012
  1.32167975441433   0.000000000 0.002994012
  1.3232013852899    0.000000000 0.002994012
  1.32522877669744   0.000000000 0.002994012
  1.38385148120959   0.000000000 0.002994012
  1.39207793724674   0.000000000 0.002994012
  1.40118241606473   0.000000000 0.002994012
  1.40869256149897   0.000000000 0.002994012
  1.428967298096     0.000000000 0.002994012
  1.43514702265646   0.000000000 0.002994012
  1.4654304616221    0.000000000 0.002994012
  1.46882281271028   0.000000000 0.002994012
  1.46904432855693   0.000000000 0.002994012
  1.48520430559052   0.000000000 0.002994012
  1.49466887015909   0.000000000 0.002994012
  1.53977492179523   0.000000000 0.002994012
  1.55814692297652   0.000000000 0.002994012
  1.57907822681595   0.000000000 0.002994012
  1.57941419652403   0.000000000 0.002994012
  1.58553211130314   0.000000000 0.002994012
  1.65336245031998   0.000000000 0.002994012
  1.65603470888529   0.000000000 0.002994012
  1.67334383902446   0.000000000 0.002994012
  1.67506903725781   0.000000000 0.002994012
  1.7138674713963    0.000000000 0.002994012
  1.72173591092135   0.000000000 0.002994012
  1.72793756363392   0.000000000 0.002994012
  1.73420515537351   0.000000000 0.002994012
  1.75944315173616   0.000000000 0.002994012
  1.79740841074659   0.000000000 0.002994012
  1.80178151039842   0.000000000 0.002994012
  1.80456970614582   0.000000000 0.002994012
  1.81256451343553   0.000000000 0.002994012
  1.82100322647726   0.000000000 0.002994012
  1.86221007632117   0.000000000 0.002994012
  1.90780880847895   0.000000000 0.002994012
  1.91013049085525   0.000000000 0.002994012
  1.91229393989675   0.000000000 0.002994012
  1.92267534369206   0.000000000 0.002994012
  1.95918713542788   0.000000000 0.002994012
  1.97707385066948   0.000000000 0.002994012
  1.98154851963384   0.000000000 0.002994012
  1.98282781135127   0.000000000 0.002994012
  1.99709668434674   0.000000000 0.002994012
  2                  0.188622754 0.053892216
  2.39043742218205   0.000000000 0.002994012
  2.65767855856699   0.000000000 0.002994012
  2.79847414402953   0.000000000 0.002994012
  2.80451317905697   0.000000000 0.002994012
  2.82944309433832   0.000000000 0.002994012
  3                  0.110778443 0.002994012
  4                  0.014970060 0.000000000
  5                  0.008982036 0.000000000
  6                  0.002994012 0.000000000

  Parameters of node game_score (multinomial distribution)

Conditional probability table:
                   0  0.0021471037087808 0.00237033480109949 0.00788839902842309 
        0.309880240         0.001497006         0.001497006         0.001497006 
 0.0104361292912518  0.0192333042203128  0.0232959737399516  0.0252533810591044 
        0.001497006         0.001497006         0.001497006         0.001497006 
 0.0606370967920418  0.0743129359432645  0.0903486416700774  0.0949930580550262 
        0.001497006         0.001497006         0.001497006         0.001497006 
  0.105677815729897   0.112037867144445   0.128891185593059   0.129185725488137 
        0.001497006         0.001497006         0.001497006         0.001497006 
  0.155388081739626   0.162080051574009    0.16315201195153   0.170819623789468 
        0.001497006         0.001497006         0.001497006         0.001497006 
  0.182222520529214   0.206448534581772   0.209223025546463   0.212871785072042 
        0.001497006         0.001497006         0.001497006         0.001497006 
  0.228753897902081   0.228757751115349   0.233148871649009    0.24995335390073 
        0.001497006         0.001497006         0.001497006         0.001497006 
  0.264085178332735   0.274108511558505   0.274454114947196   0.293801442723532 
        0.001497006         0.001497006         0.001497006         0.001497006 
  0.296866137222116   0.297794800778804   0.306777691134055   0.318404503968219 
        0.001497006         0.001497006         0.001497006         0.001497006 
  0.320784740553602   0.322187669982796   0.332017843069889   0.349777517186254 
        0.001497006         0.001497006         0.001497006         0.001497006 
   0.35524082763517   0.362371779623935   0.393889144984571   0.395207888183288 
        0.001497006         0.001497006         0.001497006         0.001497006 
  0.401182416064729   0.437733408030172   0.456846388665914   0.477034040767839 
        0.001497006         0.001497006         0.001497006         0.001497006 
  0.485204305590525   0.488470522605284   0.488805158148248   0.491220242919448 
        0.001497006         0.001497006         0.001497006         0.001497006 
  0.493100317605143    0.49466887015909   0.517151647712136   0.519576984448917 
        0.001497006         0.001497006         0.001497006         0.001497006 
   0.52100284994191   0.528060007396206   0.545965965002354   0.578130033517009 
        0.001497006         0.001497006         0.001497006         0.001497006 
  0.586064920424556   0.603309762093626   0.606809439914129   0.607413409212667 
        0.001497006         0.001497006         0.001497006         0.001497006 
  0.610158349414697   0.611410753492859   0.620583726328577    0.64073224526399 
        0.001497006         0.001497006         0.001497006         0.001497006 
  0.667691224994418   0.689934982184635   0.698223543247702   0.707301569966316 
        0.001497006         0.001497006         0.001497006         0.001497006 
  0.717908230201983   0.759443151736163   0.768890566911673   0.780874844364093 
        0.001497006         0.001497006         0.001497006         0.001497006 
  0.813263510180459   0.877632010213116   0.886098468915714   0.887895992868216 
        0.001497006         0.001497006         0.001497006         0.001497006 
  0.899031495575528   0.915529298180947   0.916622370640592   0.925596217342095 
        0.001497006         0.001497006         0.001497006         0.001497006 
  0.943899222642891   0.972107045863867   0.975932820789623   0.979161647214045 
        0.001497006         0.001497006         0.001497006         0.001497006 
  0.987528506449203   0.993275667549901                   1    1.00052738339867 
        0.001497006         0.001497006         0.288922156         0.001497006 
   1.02292614933052    1.03696034669808    1.04434724147524    1.04555547479388 
        0.001497006         0.001497006         0.001497006         0.001497006 
   1.07348929894018    1.07893890785728    1.09368253847624    1.09997157187034 
        0.001497006         0.001497006         0.001497006         0.001497006 
   1.11729302296211    1.13228513185065    1.16664134431123    1.16832823560723 
        0.001497006         0.001497006         0.001497006         0.001497006 
   1.18697863617382    1.18787881464292    1.19543029385418    1.23653211197725 
        0.001497006         0.001497006         0.001497006         0.001497006 
   1.25407554530073    1.26660013206353    1.28105309867393     1.3427167072403 
        0.001497006         0.001497006         0.001497006         0.001497006 
   1.35681221300528    1.39207793724674    1.39304152671813    1.43514702265646 
        0.001497006         0.001497006         0.001497006         0.001497006 
   1.46904432855693    1.52798967018557     1.5345695383779      1.571032701904 
        0.001497006         0.001497006         0.001497006         0.001497006 
   1.57700542965609    1.57907822681595    1.60954887705569    1.61412206024459 
        0.001497006         0.001497006         0.001497006         0.001497006 
   1.64086284484116    1.65336245031998    1.65767855856699    1.66489040490505 
        0.001497006         0.001497006         0.001497006         0.001497006 
   1.67506903725781     1.6814289235444     1.7138674713963    1.72173591092135 
        0.001497006         0.001497006         0.001497006         0.001497006 
   1.79847414402953    1.80451317905697     1.8055693211126    1.81236453114152 
        0.001497006         0.001497006         0.001497006         0.001497006 
    1.8202609817105    1.82944309433832    1.84003483535682    1.86221007632117 
        0.001497006         0.001497006         0.001497006         0.001497006 
   1.87152745439212     1.8987042053733    1.92499437950804    1.93690685311666 
        0.001497006         0.001497006         0.001497006         0.001497006 
   1.95102592711594    1.99854834217337                   2                   3 
        0.001497006         0.001497006         0.137724551         0.032934132 
                  4                   5 
        0.013473054         0.001497006 

  Parameters of node op1 (conditional Gaussian distribution)

Conditional density: op1 | estado
Coefficients:
                     0          1
(Intercept)  0.5359281  0.3862275
Standard deviation of the residuals:
        0          1  
0.4994557  0.4876143  
Discrete parents' configurations:
   estado
0       0
1       1

  Parameters of node op2 (conditional Gaussian distribution)

Conditional density: op2 | op1 + op3 + op5 + op6 + sv4 + sv5 + sv6 + score + score_d + programa + estado
Coefficients:
                         0              1
(Intercept)   0.1359626976   0.1943246470
op1           0.1552580189   0.1812143339
op3           0.0273152999  -0.1587649239
op5           0.0709731227   0.1529146815
op6           0.0110367237   0.4550209164
sv4          -0.0691407561  -0.3554812449
sv5           0.1047938894   0.3092053922
sv6           0.2394932942  -0.0979198055
score         0.0028655788   0.1069256182
score_d       0.0003536069  -0.1291138671
programa      0.0478587937  -0.0202141343
Standard deviation of the residuals:
        0          1  
0.4313007  0.3932063  
Discrete parents' configurations:
   estado
0       0
1       1

  Parameters of node op3 (conditional Gaussian distribution)

Conditional density: op3 | op1 + op4 + op5 + sv4 + sv5 + sv6 + score_d + estado
Coefficients:
                       0            1
(Intercept)   0.01207070  -0.24802872
op1           0.03527652  -0.21485941
op4           0.02087567   0.13879525
op5           0.28186256   0.09815743
sv4           0.11614407   0.22713547
sv5           0.10746694   0.18914424
sv6           0.09584950   0.14396567
score_d      -0.01708936   0.06111518
Standard deviation of the residuals:
        0          1  
0.4499075  0.4110864  
Discrete parents' configurations:
   estado
0       0
1       1

  Parameters of node op4 (Gaussian distribution)

Conditional density: op4 | op1
Coefficients:
(Intercept)          op1  
  0.3972222    0.1222583  
Standard deviation of the residuals: 0.4948387 

  Parameters of node op5 (conditional Gaussian distribution)

Conditional density: op5 | op1 + op4 + sv4 + sv5 + estado
Coefficients:
                       0            1
(Intercept)  -0.14576290   0.05414353
op1           0.06735299  -0.29851435
op4           0.17398368   0.30578077
sv4           0.15336878  -0.01109340
sv5           0.38263321   0.12631396
Standard deviation of the residuals:
        0          1  
0.4531710  0.3208216  
Discrete parents' configurations:
   estado
0       0
1       1

  Parameters of node op6 (conditional Gaussian distribution)

Conditional density: op6 | op1 + op5 + sv5 + estado
Coefficients:
                       0            1
(Intercept)   0.22363172   0.18883164
op1           0.08522421  -0.13298984
op5           0.11853791   0.41154596
sv5           0.18000323   0.07562168
Standard deviation of the residuals:
        0          1  
0.4905224  0.4056226  
Discrete parents' configurations:
   estado
0       0
1       1

  Parameters of node sv1 (Gaussian distribution)

Conditional density: sv1 | op1 + op2 + sv6 + score_a + score_d + programa
Coefficients:
 (Intercept)           op1           op2           sv6       score_a  
 0.969711810   0.024167757   0.022590371   0.045470463   0.006478697  
     score_d      programa  
-0.016396465  -0.010648282  
Standard deviation of the residuals: 0.105715 

  Parameters of node sv2 (conditional Gaussian distribution)

Conditional density: sv2 | op1 + op2 + op3 + sv1 + sv6 + score_p + score_d + score_s + programa + estado
Coefficients:
                         0              1
(Intercept)   0.4109070450   0.8852701055
op1           0.0309327190  -0.0809664431
op2           0.1221689751   0.4842016548
op3           0.0480216176   0.1902973586
sv1           0.3178344128   0.0000000000
sv6           0.0700774471   0.0351737016
score_p       0.0033491461  -0.1291590647
score_d       0.0181380696   0.0420966474
score_s      -0.0013229694   0.0553657730
programa      0.0008165078  -0.0657823483
Standard deviation of the residuals:
        0          1  
0.1943009  0.2440830  
Discrete parents' configurations:
   estado
0       0
1       1

  Parameters of node sv3 (conditional Gaussian distribution)

Conditional density: sv3 | op2 + op5 + sv2 + sv4 + sv5 + sv6 + score + score_s + programa + estado
Coefficients:
                        0             1
(Intercept)  -0.091600813  -0.888595869
op2           0.002590972  -0.402498321
op5           0.279011333   0.226050721
sv2           0.243727953   0.565110371
sv4           0.137043637   0.248377233
sv5           0.096300119   0.175661343
sv6           0.056691122   0.136186130
score        -0.026063983   0.073203963
score_s       0.050482137  -0.110350654
programa     -0.009656109   0.069252801
Standard deviation of the residuals:
        0          1  
0.4468302  0.3837319  
Discrete parents' configurations:
   estado
0       0
1       1

  Parameters of node sv4 (conditional Gaussian distribution)

Conditional density: sv4 | op4 + estado
Coefficients:
                     0          1
(Intercept)  0.5568182  0.6825397
op4          0.4431818  0.3174603
Standard deviation of the residuals:
        0          1  
0.3616887  0.3512130  
Discrete parents' configurations:
   estado
0       0
1       1

  Parameters of node sv5 (conditional Gaussian distribution)

Conditional density: sv5 | op1 + op4 + sv4 + estado
Coefficients:
                        0             1
(Intercept)   0.700485996   0.470654579
op1           0.062160324   0.115030218
op4          -0.001250721   0.122964741
sv4           0.195736693   0.350848850
Standard deviation of the residuals:
        0          1  
0.3102338  0.3024035  
Discrete parents' configurations:
   estado
0       0
1       1

  Parameters of node sv6 (conditional Gaussian distribution)

Conditional density: sv6 | op1 + op6 + sv4 + sv5 + score + score_d + programa + estado
Coefficients:
                       0            1
(Intercept)   0.41097725  -0.19539478
op1           0.04324560  -0.24178424
op6           0.38317195   0.14021517
sv4           0.15790845   0.12247125
sv5           0.12609895   0.23263179
score        -0.01167535   0.06952087
score_d       0.04325881   0.09028420
programa     -0.01848748   0.04952884
Standard deviation of the residuals:
        0          1  
0.3450124  0.2883498  
Discrete parents' configurations:
   estado
0       0
1       1

  Parameters of node score (conditional Gaussian distribution)

Conditional density: score | sv4 + sv5 + programa + estado
Coefficients:
                      0           1
(Intercept)   7.5047581   7.9525278
sv4           0.5631773  -0.7619338
sv5           0.9428550   0.3545406
programa     -0.4113922  -0.3129229
Standard deviation of the residuals:
       0         1  
2.130576  1.602991  
Discrete parents' configurations:
   estado
0       0
1       1

  Parameters of node score_a (conditional Gaussian distribution)

Conditional density: score_a | op5 + sv4 + score + programa + estado
Coefficients:
                       0            1
(Intercept)  -0.56934179   0.36421753
op5          -0.04927138  -0.30302100
sv4           0.03809651  -0.36799157
score         0.65008199   0.59651017
programa      0.09434903  -0.01987257
Standard deviation of the residuals:
        0          1  
0.7595451  0.6323154  
Discrete parents' configurations:
   estado
0       0
1       1

  Parameters of node score_p (conditional Gaussian distribution)

Conditional density: score_p | op3 + op4 + op6 + sv4 + sv6 + score + score_a + score_d + score_s + programa + estado
Coefficients:
                        0             1
(Intercept)  -0.001751544  -1.258517465
op3          -0.039405059  -0.200152407
op4           0.143230379  -0.137217303
op6           0.062248794   0.200775741
sv4          -0.010722515   0.411247577
sv6           0.026650426   0.158650879
score         1.049453949   0.904534652
score_a      -0.532238871  -0.382505754
score_d      -0.467354097  -0.393669921
score_s      -0.343784016  -0.181481873
programa     -0.046759531   0.126718305
Standard deviation of the residuals:
        0          1  
0.4424996  0.4330452  
Discrete parents' configurations:
   estado
0       0
1       1

  Parameters of node score_d (conditional Gaussian distribution)

Conditional density: score_d | op1 + op4 + sv4 + sv5 + score + score_a + estado
Coefficients:
                       0            1
(Intercept)   0.05363305  -0.60830790
op1           0.10943854   0.21300654
op4           0.07378414  -0.17231430
sv4          -0.11832453  -0.28594437
sv5          -0.17134406   0.32655803
score         0.16521134   0.37489846
score_a       0.25475428  -0.02397234
Standard deviation of the residuals:
        0          1  
0.7104104  0.5177696  
Discrete parents' configurations:
   estado
0       0
1       1

  Parameters of node score_s (conditional Gaussian distribution)

Conditional density: score_s | op3 + sv5 + sv6 + score + score_a + score_d + programa + estado
Coefficients:
                        0             1
(Intercept)   0.458961242   0.554270529
op3           0.118259945  -0.145709408
sv5           0.053725157   0.489927731
sv6           0.110086813  -0.286279367
score         0.141691066  -0.052703491
score_a      -0.051434500   0.326009477
score_d       0.371851312   0.432809904
programa     -0.005715017  -0.128609066
Standard deviation of the residuals:
        0          1  
0.6374980  0.5230567  
Discrete parents' configurations:
   estado
0       0
1       1

  Parameters of node programa (conditional Gaussian distribution)

Conditional density: programa | sv5 + estado
Coefficients:
                       0            1
(Intercept)   4.10256410   2.81250000
sv5          -0.03137766   0.52316434
Standard deviation of the residuals:
        0          1  
0.9554770  0.8450578  
Discrete parents' configurations:
   estado
0       0
1       1

  Parameters of node sol1 (multinomial distribution)

Conditional probability table:
                   0 0.00858609432436308  0.0417445171650073  0.0499500927602318 
        0.094311377         0.001497006         0.001497006         0.001497006 
  0.079763895113058   0.159965164643183   0.390451122944312   0.545313417412504 
        0.001497006         0.001497006         0.001497006         0.001497006 
  0.561579707678677    0.59678668227703   0.638032831858925   0.785333603497953 
        0.001497006         0.001497006         0.001497006         0.001497006 
  0.921061092142722   0.954444525206121                   1    1.60881126066868 
        0.001497006         0.001497006         0.004491018         0.001497006 
   2.07830793779567    2.48233490531431                   3    3.18814110188033 
        0.001497006         0.001497006         0.002994012         0.001497006 
   3.46611154432973    3.61244282353559    3.67571481374777    3.73605284575045 
        0.001497006         0.001497006         0.001497006         0.001497006 
                  4    4.00792809381739    4.04817480814284    4.08831402157888 
        0.025449102         0.001497006         0.001497006         0.001497006 
   4.15538808173963    4.15739326687198    4.17081962378947     4.1721570317244 
        0.001497006         0.001497006         0.001497006         0.001497006 
   4.19925717738991    4.24995335390073    4.26408517833273    4.33328268862245 
        0.001497006         0.001497006         0.001497006         0.001497006 
   4.37473998268486    4.42842784561257    4.43751103753384    4.44009914215337 
        0.001497006         0.001497006         0.001497006         0.001497006 
   4.44810491556841    4.44935637443668    4.45684638866591    4.48528583906308 
        0.001497006         0.001497006         0.001497006         0.001497006 
   4.48845528554659    4.48847052260528    4.49316759748968    4.54596596500235 
        0.001497006         0.001497006         0.001497006         0.001497006 
   4.55327095360729    4.57750247614824    4.58606492042456    4.58802207135773 
        0.001497006         0.001497006         0.001497006         0.001497006 
   4.60086909781326    4.60680943991413     4.6464027705798    4.67494511680583 
        0.001497006         0.001497006         0.001497006         0.001497006 
   4.68159549603178    4.70897421175844    4.77261118262516    4.77432424969141 
        0.001497006         0.001497006         0.001497006         0.001497006 
   4.78695545649983    4.80222512419657    4.81326351018046    4.81886801485789 
        0.001497006         0.001497006         0.001497006         0.001497006 
   4.83446133426899    4.86653809808378    4.90500694194497    4.92568706405674 
        0.001497006         0.001497006         0.001497006         0.001497006 
   4.95779528450701    4.98095688996149    4.98273659060757                   5 
        0.001497006         0.001497006         0.001497006         0.058383234 
   5.00355550220165     5.0067243324501     5.0124714935508    5.01923330422031 
        0.001497006         0.001497006         0.001497006         0.001497006 
   5.01932871338826    5.02083835278596    5.02091527259798    5.02789295413613 
        0.001497006         0.001497006         0.001497006         0.001497006 
   5.03093495195927    5.03843227513734     5.0611440439545    5.06444559279653 
        0.001497006         0.001497006         0.001497006         0.001497006 
   5.06469688697986    5.07780072967524    5.09095564518806    5.09874849471771 
        0.001497006         0.001497006         0.001497006         0.001497006 
   5.09938744332504    5.10076292798524    5.11629384595303    5.11729302296211 
        0.001497006         0.001497006         0.001497006         0.001497006 
   5.14697859788037    5.17055690566168    5.19548682094303     5.2741085115585 
        0.001497006         0.001497006         0.001497006         0.001497006 
   5.29269843003368    5.29380144272353     5.3017764567523    5.30967280187266 
        0.001497006         0.001497006         0.001497006         0.001497006 
   5.31930767760806    5.33498548764181    5.34232144143301    5.35926775473601 
        0.001497006         0.001497006         0.001497006         0.001497006 
   5.38385148120959     5.3984101882796    5.40869256149897    5.41168117242079 
        0.001497006         0.001497006         0.001497006         0.001497006 
   5.43446593553316    5.46422420711711    5.46882281271028    5.46904432855693 
        0.001497006         0.001497006         0.001497006         0.001497006 
   5.47899715005809    5.51479569440948    5.52245326685101    5.52296595923216 
        0.001497006         0.001497006         0.001497006         0.001497006 
   5.52680993587116    5.57700542965609    5.57941419652403    5.58901096959147 
        0.001497006         0.001497006         0.001497006         0.001497006 
   5.59881758393527    5.60330976209363    5.60356302079684    5.60956257781795 
        0.001497006         0.001497006         0.001497006         0.001497006 
   5.63140272029291    5.64717242047166    5.65603470888529    5.65845170643809 
        0.001497006         0.001497006         0.001497006         0.001497006 
   5.66464796749794    5.66471073656921     5.6854334144806     5.7022051992212 
        0.001497006         0.001497006         0.001497006         0.001497006 
   5.70353779120311    5.75266556492045    5.77124224888465    5.77124610209792 
        0.001497006         0.001497006         0.001497006         0.001497006 
   5.78608305343626    5.81256451343553    5.81561761695789    5.83002323648465 
        0.001497006         0.001497006         0.001497006         0.001497006 
   5.83684798804847    5.83791994842599    5.86209380441116    5.88789599286822 
        0.001497006         0.001497006         0.001497006         0.001497006 
   5.88796213285555     5.8987042053733    5.91229393989675    5.92267534369206 
        0.001497006         0.001497006         0.001497006         0.001497006 
   5.93728518933269    5.93996493086351     5.9690840297759    5.97670402626005 
        0.001497006         0.001497006         0.001497006         0.001497006 
   5.98686589226086    5.99077425981692    5.99854834217337                   6 
        0.001497006         0.001497006         0.001497006         0.077844311 
   6.03490247327695    6.18787881464292    6.28105309867393    6.32978080981009 
        0.001497006         0.001497006         0.001497006         0.001497006 
   6.33888890809653     6.3628578470888    6.37493355596089    6.37599062299095 
        0.001497006         0.001497006         0.001497006         0.001497006 
   6.43773340803017    6.44861274396945    6.55473179774529    6.61113864222521 
        0.001497006         0.001497006         0.001497006         0.001497006 
   6.64451068528285    6.72173591092135    6.77968330117061    6.80159164561156 
        0.001497006         0.001497006         0.001497006         0.001497006 
    6.8811133179511    6.91528573484425    6.94120067036353    6.98930050659718 
        0.001497006         0.001497006         0.001497006         0.001497006 
                  7    7.00295676278161    7.02258969577736    7.12618629376667 
        0.077844311         0.001497006         0.001497006         0.001497006 
   7.13228513185065    7.17442926808733    7.18562366454986    7.20278446574379 
        0.001497006         0.001497006         0.001497006         0.001497006 
     7.211524058483    7.21188335055549    7.23496228463729    7.31808965459691 
        0.001497006         0.001497006         0.001497006         0.001497006 
   7.40535267013449    7.48521438090003    7.50342286563947    7.64086284484116 
        0.001497006         0.001497006         0.001497006         0.001497006 
   7.66398889791663    7.68296655281031    7.76651043056848    7.80729118158817 
        0.001497006         0.001497006         0.001497006         0.001497006 
   7.94402065962886                   8    8.46679973587294    8.66334352878553 
        0.001497006         0.143712575         0.001497006         0.001497006 
   8.81263492304752    8.83169766792867    8.99894523320265                   9 
        0.001497006         0.001497006         0.001497006         0.223053892 

  Parameters of node estado (multinomial distribution)

Conditional probability table:
 
      sol1
estado           0 0.00858609432436308 0.0417445171650073 0.0499500927602318
     0 0.000000000         0.000000000        0.000000000        0.000000000
     1 1.000000000         1.000000000        1.000000000        1.000000000
      sol1
estado 0.079763895113058 0.159965164643183 0.390451122944312 0.545313417412504
     0       0.000000000       0.000000000       0.000000000       0.000000000
     1       1.000000000       1.000000000       1.000000000       1.000000000
      sol1
estado 0.561579707678677 0.59678668227703 0.638032831858925 0.785333603497953
     0       0.000000000      0.000000000       0.000000000       0.000000000
     1       1.000000000      1.000000000       1.000000000       1.000000000
      sol1
estado 0.921061092142722 0.954444525206121           1 1.60881126066868
     0       0.000000000       0.000000000 0.666666667      0.000000000
     1       1.000000000       1.000000000 0.333333333      1.000000000
      sol1
estado 2.07830793779567 2.48233490531431           3 3.18814110188033
     0      0.000000000      0.000000000 1.000000000      0.000000000
     1      1.000000000      1.000000000 0.000000000      1.000000000
      sol1
estado 3.46611154432973 3.61244282353559 3.67571481374777 3.73605284575045
     0      0.000000000      0.000000000      0.000000000      0.000000000
     1      1.000000000      1.000000000      1.000000000      1.000000000
      sol1
estado           4 4.00792809381739 4.04817480814284 4.08831402157888
     0 0.470588235      0.000000000      0.000000000      0.000000000
     1 0.529411765      1.000000000      1.000000000      1.000000000
      sol1
estado 4.15538808173963 4.15739326687198 4.17081962378947 4.1721570317244
     0      0.000000000      0.000000000      0.000000000     0.000000000
     1      1.000000000      1.000000000      1.000000000     1.000000000
      sol1
estado 4.19925717738991 4.24995335390073 4.26408517833273 4.33328268862245
     0      0.000000000      0.000000000      0.000000000      0.000000000
     1      1.000000000      1.000000000      1.000000000      1.000000000
      sol1
estado 4.37473998268486 4.42842784561257 4.43751103753384 4.44009914215337
     0      0.000000000      0.000000000      0.000000000      0.000000000
     1      1.000000000      1.000000000      1.000000000      1.000000000
      sol1
estado 4.44810491556841 4.44935637443668 4.45684638866591 4.48528583906308
     0      0.000000000      0.000000000      0.000000000      0.000000000
     1      1.000000000      1.000000000      1.000000000      1.000000000
      sol1
estado 4.48845528554659 4.48847052260528 4.49316759748968 4.54596596500235
     0      0.000000000      0.000000000      0.000000000      0.000000000
     1      1.000000000      1.000000000      1.000000000      1.000000000
      sol1
estado 4.55327095360729 4.57750247614824 4.58606492042456 4.58802207135773
     0      0.000000000      0.000000000      0.000000000      0.000000000
     1      1.000000000      1.000000000      1.000000000      1.000000000
      sol1
estado 4.60086909781326 4.60680943991413 4.6464027705798 4.67494511680583
     0      0.000000000      0.000000000     0.000000000      0.000000000
     1      1.000000000      1.000000000     1.000000000      1.000000000
      sol1
estado 4.68159549603178 4.70897421175844 4.77261118262516 4.77432424969141
     0      0.000000000      0.000000000      0.000000000      0.000000000
     1      1.000000000      1.000000000      1.000000000      1.000000000
      sol1
estado 4.78695545649983 4.80222512419657 4.81326351018046 4.81886801485789
     0      0.000000000      0.000000000      0.000000000      0.000000000
     1      1.000000000      1.000000000      1.000000000      1.000000000
      sol1
estado 4.83446133426899 4.86653809808378 4.90500694194497 4.92568706405674
     0      0.000000000      0.000000000      0.000000000      0.000000000
     1      1.000000000      1.000000000      1.000000000      1.000000000
      sol1
estado 4.95779528450701 4.98095688996149 4.98273659060757           5
     0      0.000000000      0.000000000      0.000000000 0.410256410
     1      1.000000000      1.000000000      1.000000000 0.589743590
      sol1
estado 5.00355550220165 5.0067243324501 5.0124714935508 5.01923330422031
     0      0.000000000     0.000000000     0.000000000      0.000000000
     1      1.000000000     1.000000000     1.000000000      1.000000000
      sol1
estado 5.01932871338826 5.02083835278596 5.02091527259798 5.02789295413613
     0      0.000000000      0.000000000      0.000000000      0.000000000
     1      1.000000000      1.000000000      1.000000000      1.000000000
      sol1
estado 5.03093495195927 5.03843227513734 5.0611440439545 5.06444559279653
     0      0.000000000      0.000000000     0.000000000      0.000000000
     1      1.000000000      1.000000000     1.000000000      1.000000000
      sol1
estado 5.06469688697986 5.07780072967524 5.09095564518806 5.09874849471771
     0      0.000000000      0.000000000      0.000000000      0.000000000
     1      1.000000000      1.000000000      1.000000000      1.000000000
      sol1
estado 5.09938744332504 5.10076292798524 5.11629384595303 5.11729302296211
     0      0.000000000      0.000000000      0.000000000      0.000000000
     1      1.000000000      1.000000000      1.000000000      1.000000000
      sol1
estado 5.14697859788037 5.17055690566168 5.19548682094303 5.2741085115585
     0      0.000000000      0.000000000      0.000000000     0.000000000
     1      1.000000000      1.000000000      1.000000000     1.000000000
      sol1
estado 5.29269843003368 5.29380144272353 5.3017764567523 5.30967280187266
     0      0.000000000      0.000000000     0.000000000      0.000000000
     1      1.000000000      1.000000000     1.000000000      1.000000000
      sol1
estado 5.31930767760806 5.33498548764181 5.34232144143301 5.35926775473601
     0      0.000000000      0.000000000      0.000000000      0.000000000
     1      1.000000000      1.000000000      1.000000000      1.000000000
      sol1
estado 5.38385148120959 5.3984101882796 5.40869256149897 5.41168117242079
     0      0.000000000     0.000000000      0.000000000      0.000000000
     1      1.000000000     1.000000000      1.000000000      1.000000000
      sol1
estado 5.43446593553316 5.46422420711711 5.46882281271028 5.46904432855693
     0      0.000000000      0.000000000      0.000000000      0.000000000
     1      1.000000000      1.000000000      1.000000000      1.000000000
      sol1
estado 5.47899715005809 5.51479569440948 5.52245326685101 5.52296595923216
     0      0.000000000      0.000000000      0.000000000      0.000000000
     1      1.000000000      1.000000000      1.000000000      1.000000000
      sol1
estado 5.52680993587116 5.57700542965609 5.57941419652403 5.58901096959147
     0      0.000000000      0.000000000      0.000000000      0.000000000
     1      1.000000000      1.000000000      1.000000000      1.000000000
      sol1
estado 5.59881758393527 5.60330976209363 5.60356302079684 5.60956257781795
     0      0.000000000      0.000000000      0.000000000      0.000000000
     1      1.000000000      1.000000000      1.000000000      1.000000000
      sol1
estado 5.63140272029291 5.64717242047166 5.65603470888529 5.65845170643809
     0      0.000000000      0.000000000      0.000000000      0.000000000
     1      1.000000000      1.000000000      1.000000000      1.000000000
      sol1
estado 5.66464796749794 5.66471073656921 5.6854334144806 5.7022051992212
     0      0.000000000      0.000000000     0.000000000     0.000000000
     1      1.000000000      1.000000000     1.000000000     1.000000000
      sol1
estado 5.70353779120311 5.75266556492045 5.77124224888465 5.77124610209792
     0      0.000000000      0.000000000      0.000000000      0.000000000
     1      1.000000000      1.000000000      1.000000000      1.000000000
      sol1
estado 5.78608305343626 5.81256451343553 5.81561761695789 5.83002323648465
     0      0.000000000      0.000000000      0.000000000      0.000000000
     1      1.000000000      1.000000000      1.000000000      1.000000000
      sol1
estado 5.83684798804847 5.83791994842599 5.86209380441116 5.88789599286822
     0      0.000000000      0.000000000      0.000000000      0.000000000
     1      1.000000000      1.000000000      1.000000000      1.000000000
      sol1
estado 5.88796213285555 5.8987042053733 5.91229393989675 5.92267534369206
     0      0.000000000     0.000000000      0.000000000      0.000000000
     1      1.000000000     1.000000000      1.000000000      1.000000000
      sol1
estado 5.93728518933269 5.93996493086351 5.9690840297759 5.97670402626005
     0      0.000000000      0.000000000     0.000000000      0.000000000
     1      1.000000000      1.000000000     1.000000000      1.000000000
      sol1
estado 5.98686589226086 5.99077425981692 5.99854834217337           6
     0      0.000000000      0.000000000      0.000000000 0.576923077
     1      1.000000000      1.000000000      1.000000000 0.423076923
      sol1
estado 6.03490247327695 6.18787881464292 6.28105309867393 6.32978080981009
     0      0.000000000      0.000000000      0.000000000      0.000000000
     1      1.000000000      1.000000000      1.000000000      1.000000000
      sol1
estado 6.33888890809653 6.3628578470888 6.37493355596089 6.37599062299095
     0      0.000000000     0.000000000      0.000000000      0.000000000
     1      1.000000000     1.000000000      1.000000000      1.000000000
      sol1
estado 6.43773340803017 6.44861274396945 6.55473179774529 6.61113864222521
     0      0.000000000      0.000000000      0.000000000      0.000000000
     1      1.000000000      1.000000000      1.000000000      1.000000000
      sol1
estado 6.64451068528285 6.72173591092135 6.77968330117061 6.80159164561156
     0      0.000000000      0.000000000      0.000000000      0.000000000
     1      1.000000000      1.000000000      1.000000000      1.000000000
      sol1
estado 6.8811133179511 6.91528573484425 6.94120067036353 6.98930050659718
     0     0.000000000      0.000000000      0.000000000      0.000000000
     1     1.000000000      1.000000000      1.000000000      1.000000000
      sol1
estado           7 7.00295676278161 7.02258969577736 7.12618629376667
     0 0.846153846      0.000000000      0.000000000      0.000000000
     1 0.153846154      1.000000000      1.000000000      1.000000000
      sol1
estado 7.13228513185065 7.17442926808733 7.18562366454986 7.20278446574379
     0      0.000000000      0.000000000      0.000000000      0.000000000
     1      1.000000000      1.000000000      1.000000000      1.000000000
      sol1
estado 7.211524058483 7.21188335055549 7.23496228463729 7.31808965459691
     0    0.000000000      0.000000000      0.000000000      0.000000000
     1    1.000000000      1.000000000      1.000000000      1.000000000
      sol1
estado 7.40535267013449 7.48521438090003 7.50342286563947 7.64086284484116
     0      0.000000000      0.000000000      0.000000000      0.000000000
     1      1.000000000      1.000000000      1.000000000      1.000000000
      sol1
estado 7.66398889791663 7.68296655281031 7.76651043056848 7.80729118158817
     0      0.000000000      0.000000000      0.000000000      0.000000000
     1      1.000000000      1.000000000      1.000000000      1.000000000
      sol1
estado 7.94402065962886           8 8.46679973587294 8.66334352878553
     0      0.000000000 0.875000000      0.000000000      0.000000000
     1      1.000000000 0.125000000      1.000000000      1.000000000
      sol1
estado 8.81263492304752 8.83169766792867 8.99894523320265           9
     0      0.000000000      0.000000000      0.000000000 0.993288591
     1      1.000000000      1.000000000      1.000000000 0.006711409

