
  Bayesian network parameters

  Parameters of node lt (multinomial distribution)

Conditional probability table:
                    0 0.000560605385962254  0.00376752680292147 
         0.440119760          0.001497006          0.001497006 
  0.0235017020821765   0.0240211734416136   0.0382415139773861 
         0.001497006          0.001497006          0.001497006 
  0.0744792066791924    0.076280887373001   0.0894784168937063 
         0.001497006          0.001497006          0.001497006 
  0.0904680169727837     0.10971590849632    0.113694852585655 
         0.001497006          0.001497006          0.001497006 
   0.129112784654023    0.145496467520182    0.156532576087918 
         0.001497006          0.001497006          0.001497006 
   0.184898486126557     0.18547065926658    0.192143270306019 
         0.001497006          0.001497006          0.001497006 
   0.220390573650358    0.229364178267519    0.230274869001854 
         0.001497006          0.001497006          0.001497006 
   0.230864166699907    0.246076355074378    0.260425054773833 
         0.001497006          0.001497006          0.001497006 
   0.260558097929568    0.272390364926476    0.277518615112159 
         0.001497006          0.001497006          0.001497006 
   0.295619222322366    0.296009576402125    0.305401859031655 
         0.001497006          0.001497006          0.001497006 
   0.331445490740925    0.333922954884336     0.33959753148466 
         0.001497006          0.001497006          0.001497006 
   0.358370450483849    0.375870992235066     0.41950895000963 
         0.001497006          0.001497006          0.001497006 
    0.44377187288418     0.46780103207242    0.469775473876864 
         0.001497006          0.001497006          0.001497006 
   0.490395291059161    0.510433263257564    0.511801996475645 
         0.001497006          0.001497006          0.001497006 
   0.536111709619411    0.540292520594891    0.561598553844926 
         0.001497006          0.001497006          0.001497006 
   0.563645427059608    0.566092584822366    0.566985948411344 
         0.001497006          0.001497006          0.001497006 
   0.585892037420169    0.596706366292498    0.600827521659378 
         0.001497006          0.001497006          0.001497006 
    0.60468125143751    0.611872577123448    0.614127668903145 
         0.001497006          0.001497006          0.001497006 
   0.655081847021371    0.661740137359685    0.665895900403941 
         0.001497006          0.001497006          0.001497006 
   0.667870164806141    0.675509788424748    0.679602669042312 
         0.001497006          0.001497006          0.001497006 
   0.698876608363851    0.702628640350028    0.721081649312008 
         0.001497006          0.001497006          0.001497006 
    0.72866173617184    0.729869959953299    0.736186693928431 
         0.001497006          0.001497006          0.001497006 
   0.737053098644683    0.740077069858831    0.741720258083347 
         0.001497006          0.001497006          0.001497006 
   0.744174620492101    0.770013716100474    0.771304254724341 
         0.001497006          0.001497006          0.001497006 
   0.772550375602286    0.777017197268836       0.782730214265 
         0.001497006          0.001497006          0.001497006 
   0.793886329194471    0.832314195409319    0.858501903147363 
         0.001497006          0.001497006          0.001497006 
   0.892841840297115     0.90344236192358    0.926410631993131 
         0.001497006          0.001497006          0.001497006 
    0.93206769490735    0.942339965407679    0.951064503711563 
         0.001497006          0.001497006          0.001497006 
   0.975572037940321    0.979217709363328                    1 
         0.001497006          0.001497006          0.181137725 
    1.01887658546562     1.02379478471566     1.02574932733117 
         0.001497006          0.001497006          0.001497006 
    1.07318764085777     1.09148822009424     1.09182945808503 
         0.001497006          0.001497006          0.001497006 
    1.09672051537313     1.10438287638958     1.16477428516591 
         0.001497006          0.001497006          0.001497006 
    1.21760388129601     1.22154276120799     1.22942699332805 
         0.001497006          0.001497006          0.001497006 
    1.26278418640916      1.2675660322307     1.27307928737228 
         0.001497006          0.001497006          0.001497006 
      1.305798551729     1.33795152576767     1.35547470255604 
         0.001497006          0.001497006          0.001497006 
    1.37100086335026     1.38020751247641     1.39183860053391 
         0.001497006          0.001497006          0.001497006 
    1.40150046741376     1.40337104689708      1.4480702214003 
         0.001497006          0.001497006          0.001497006 
    1.46079665458587     1.49844068922123     1.54229931998026 
         0.001497006          0.001497006          0.001497006 
    1.54680920506717     1.55155864104873     1.59534988632681 
         0.001497006          0.001497006          0.001497006 
    1.61946012975212     1.64347625919132     1.65692637621836 
         0.001497006          0.001497006          0.001497006 
    1.68206758090465     1.69165639777935     1.70174691743299 
         0.001497006          0.001497006          0.001497006 
    1.76373229954689     1.76813839656299     1.79987210800075 
         0.001497006          0.001497006          0.001497006 
    1.89459269865112     1.93599321534469     1.93650908289838 
         0.001497006          0.001497006          0.001497006 
    1.94566431298722     1.96972370447054     1.97190440849409 
         0.001497006          0.001497006          0.001497006 
                   2     2.05237428930018     2.11281919206772 
         0.092814371          0.001497006          0.001497006 
    2.14362310176085     2.16906914480055     2.17050837396653 
         0.001497006          0.001497006          0.001497006 
    2.19237232136893     2.25961881174816     2.35094461713028 
         0.001497006          0.001497006          0.001497006 
    2.38073721137089      2.3887337042221     2.39906839073928 
         0.001497006          0.001497006          0.001497006 
    2.43023485852996     2.44898471115863     2.46701041994598 
         0.001497006          0.001497006          0.001497006 
    2.50072687280992     2.50434158902223     2.50564683994302 
         0.001497006          0.001497006          0.001497006 
    2.51078337453313     2.53553524748964     2.58368398506846 
         0.001497006          0.001497006          0.001497006 
    2.60053188014965     2.65662931116181     2.65855411623188 
         0.001497006          0.001497006          0.001497006 
    2.73726621539112      2.7386835905472     2.75429982802289 
         0.001497006          0.001497006          0.001497006 
    2.80168016360106     2.86232655073661     2.91536384418771 
         0.001497006          0.001497006          0.001497006 
    2.94313374920164     2.95404808985983     2.97408733537087 
         0.001497006          0.001497006          0.001497006 
                   3                    4                    5 
         0.034431138          0.004491018          0.001497006 
                   6 
         0.002994012 

  Parameters of node tt (multinomial distribution)

Conditional probability table:
                  0 0.0109029726434808 0.0240211734416136 0.0334378109647363 
       0.303892216        0.001497006        0.001497006        0.001497006 
0.0387723330977323 0.0679323050926498 0.0797558683936292 0.0870634995517522 
       0.001497006        0.001497006        0.001497006        0.001497006 
0.0890094328216262 0.0918294580850338 0.0940820724098778  0.105407301348884 
       0.001497006        0.001497006        0.001497006        0.001497006 
 0.123908743935544   0.14003880750634  0.151723591664029  0.157122867900543 
       0.001497006        0.001497006        0.001497006        0.001497006 
 0.162081916071787  0.173759495694463  0.178715984835524  0.217382137415006 
       0.001497006        0.001497006        0.001497006        0.001497006 
 0.223216426241081  0.231861603437009  0.262946901355317  0.278918350687992 
       0.001497006        0.001497006        0.001497006        0.001497006 
 0.287246203521697   0.29067263919308  0.301932578228099   0.31449956832487 
       0.001497006        0.001497006        0.001497006        0.001497006 
 0.317932419095347  0.320179053272065  0.341016747933067  0.361293171844904 
       0.001497006        0.001497006        0.001497006        0.001497006 
 0.374077700545564  0.376904924490645  0.389023995747903  0.393113998085832 
       0.001497006        0.001497006        0.001497006        0.001497006 
  0.40465011367319  0.410732743239551  0.411633434776165  0.427463722075357 
       0.001497006        0.001497006        0.001497006        0.001497006 
  0.42890422975063  0.430955659929991  0.438401446155074  0.483723711474031 
       0.001497006        0.001497006        0.001497006        0.001497006 
 0.522632818905609  0.530224526123136  0.540292520594891  0.566092584822366 
       0.001497006        0.001497006        0.001497006        0.001497006 
 0.585892037420169  0.596706366292498  0.614127668903145  0.614713496664024 
       0.001497006        0.001497006        0.001497006        0.001497006 
 0.627683030831895  0.629139870958327  0.656524476248047  0.661740137359685 
       0.001497006        0.001497006        0.001497006        0.001497006 
 0.664259670387718  0.678990171369778  0.679602669042312  0.682891767536232 
       0.001497006        0.001497006        0.001497006        0.001497006 
 0.691656397779347  0.694598140968345  0.700402922178839  0.701685523448541 
       0.001497006        0.001497006        0.001497006        0.001497006 
 0.705641024096659  0.710693436102934  0.729869959953299   0.73881239160349 
       0.001497006        0.001497006        0.001497006        0.001497006 
 0.744174620492101  0.744783368371218  0.752735480470072  0.753923644925622 
       0.001497006        0.001497006        0.001497006        0.001497006 
 0.771304254724341  0.776254845753104  0.776682159195558  0.776980338979481 
       0.001497006        0.001497006        0.001497006        0.001497006 
 0.777017197268836  0.778457238792013  0.778856435244476  0.785351900163302 
       0.001497006        0.001497006        0.001497006        0.001497006 
 0.790637497124981  0.798344956681245  0.834889236635125   0.84148093649047 
       0.001497006        0.001497006        0.001497006        0.001497006 
  0.86442649896739  0.891129130424223  0.895617123610418  0.896364421119002 
       0.001497006        0.001497006        0.001497006        0.001497006 
 0.903279484626873   0.90344236192358  0.907550756936721  0.908511779905757 
       0.001497006        0.001497006        0.001497006        0.001497006 
 0.926410631993131  0.931203423242555  0.934020839891959  0.936494771916291 
       0.001497006        0.001497006        0.001497006        0.001497006 
 0.945445139047674  0.961758486022614  0.976205215284335  0.978784025110046 
       0.001497006        0.001497006        0.001497006        0.001497006 
 0.980611189554674  0.998546254380155                  1   1.00056060538596 
       0.001497006        0.001497006        0.206586826        0.001497006 
  1.02078229063667   1.02350170208218   1.03659382042889    1.0372396033396 
       0.001497006        0.001497006        0.001497006        0.001497006 
  1.04893549628844   1.05843458653486   1.06661849927973    1.0730080718759 
       0.001497006        0.001497006        0.001497006        0.001497006 
  1.11719985242677   1.12911278465402   1.14221163411268   1.14549646752018 
       0.001497006        0.001497006        0.001497006        0.001497006 
  1.15707906662379   1.15885305993984    1.1662011126663   1.18547065926658 
       0.001497006        0.001497006        0.001497006        0.001497006 
  1.18908435448174   1.20611367080553   1.21580723855442   1.21760388129601 
       0.001497006        0.001497006        0.001497006        0.001497006 
  1.22039057365036   1.26278418640916    1.2675660322307   1.27967263333975 
       0.001497006        0.001497006        0.001497006        0.001497006 
   1.2839330224944   1.29402615139385   1.29426553453566     1.305798551729 
       0.001497006        0.001497006        0.001497006        0.001497006 
  1.31325862232361   1.31683760771677   1.31814091165214   1.32519067931344 
       0.001497006        0.001497006        0.001497006        0.001497006 
  1.33710901851815   1.33962552848854    1.3469541334759   1.35489529478547 
       0.001497006        0.001497006        0.001497006        0.001497006 
  1.36825996860155   1.38627518780114   1.39183860053391   1.44160679564275 
       0.001497006        0.001497006        0.001497006        0.001497006 
  1.46388829038059   1.48819800352436   1.50553907830409   1.53235012359938 
       0.001497006        0.001497006        0.001497006        0.001497006 
  1.53464916712215   1.55403198707615   1.56698594841134   1.57075576326115 
       0.001497006        0.001497006        0.001497006        0.001497006 
  1.62574885668068   1.63653964368614   1.64162954951615   1.64326709650477 
       0.001497006        0.001497006        0.001497006        0.001497006 
  1.64524773723096   1.65657456815685   1.66186171039889   1.67259302008592 
       0.001497006        0.001497006        0.001497006        0.001497006 
  1.67547230856514   1.71511742926498   1.71945523771883   1.72760963507352 
       0.001497006        0.001497006        0.001497006        0.001497006 
  1.73079077378964   1.74234515397663   1.76373229954689   1.79391295342933 
       0.001497006        0.001497006        0.001497006        0.001497006 
  1.83072768837542     1.847438225254   1.86422079600079   1.90406712892629 
       0.001497006        0.001497006        0.001497006        0.001497006 
  1.90696502057641   1.94380881698818   1.95020082139329   1.97156687460082 
       0.001497006        0.001497006        0.001497006        0.001497006 
  1.98842982927295    1.9931459023257   1.99623247319708                  2 
       0.001497006        0.001497006        0.001497006        0.157185629 
  2.09565083946088   2.23295886945462     2.324812832511   2.50186593106266 
       0.001497006        0.001497006        0.001497006        0.001497006 
  2.55230879207279   2.60683258221931   2.75429982802289   2.82104316621259 
       0.001497006        0.001497006        0.001497006        0.001497006 
  2.95404808985983   2.95410885024554                  3                  4 
       0.001497006        0.001497006        0.040419162        0.008982036 
                 5 
       0.002994012 

  Parameters of node pt (multinomial distribution)

Conditional probability table:
 
                     estado
pt                              0           1
  0                   0.329341317 0.089820359
  0.00376752680292147 0.000000000 0.002994012
  0.0212159748899537  0.000000000 0.002994012
  0.0229759550700828  0.000000000 0.002994012
  0.028433125399178   0.000000000 0.002994012
  0.0489354962884371  0.000000000 0.002994012
  0.0497991786067106  0.000000000 0.002994012
  0.051498654662341   0.000000000 0.002994012
  0.0584345865348636  0.000000000 0.002994012
  0.0826058292903624  0.000000000 0.002994012
  0.0940820724098778  0.000000000 0.002994012
  0.122850085988554   0.000000000 0.002994012
  0.133156039950117   0.000000000 0.002994012
  0.136117528656994   0.000000000 0.002994012
  0.141498096852637   0.000000000 0.002994012
  0.164774285165914   0.000000000 0.002994012
  0.165219470325924   0.000000000 0.002994012
  0.169272311624576   0.000000000 0.002994012
  0.176938160752157   0.000000000 0.002994012
  0.200310536420239   0.000000000 0.002994012
  0.206087046570665   0.000000000 0.002994012
  0.217269785735      0.000000000 0.002994012
  0.255900998237822   0.000000000 0.002994012
  0.263813306071569   0.000000000 0.002994012
  0.27133826382816    0.000000000 0.002994012
  0.278918350687992   0.000000000 0.002994012
  0.284882570735019   0.000000000 0.002994012
  0.295726935977428   0.000000000 0.002994012
  0.324490211575252   0.000000000 0.002994012
  0.33191189836511    0.000000000 0.002994012
  0.332129835193859   0.000000000 0.002994012
  0.334104099596059   0.000000000 0.002994012
  0.337951525767674   0.000000000 0.002994012
  0.343370688838193   0.000000000 0.002994012
  0.343475523751953   0.000000000 0.002994012
  0.344918152978629   0.000000000 0.002994012
  0.354752262769042   0.000000000 0.002994012
  0.361293171844904   0.000000000 0.002994012
  0.38020751247641    0.000000000 0.002994012
  0.388127422876552   0.000000000 0.002994012
  0.389023995747903   0.000000000 0.002994012
  0.39531874856249    0.000000000 0.002994012
  0.396639672797889   0.000000000 0.002994012
  0.399172478340622   0.000000000 0.002994012
  0.411633434776165   0.000000000 0.002994012
  0.433014051588656   0.000000000 0.002994012
  0.4480702214003     0.000000000 0.002994012
  0.489216625466873   0.000000000 0.002994012
  0.498440689221227   0.000000000 0.002994012
  0.525467569217769   0.000000000 0.002994012
  0.530224526123136   0.000000000 0.002994012
  0.53219896792758    0.000000000 0.002994012
  0.538418452420712   0.000000000 0.002994012
  0.546809205067169   0.000000000 0.002994012
  0.548360257686564   0.000000000 0.002994012
  0.551015288841367   0.000000000 0.002994012
  0.584361557510955   0.000000000 0.002994012
  0.610294677115207   0.000000000 0.002994012
  0.611266295777899   0.000000000 0.002994012
  0.619262788629107   0.000000000 0.002994012
  0.619460129752121   0.000000000 0.002994012
  0.623095075509355   0.000000000 0.002994012
  0.624129007764934   0.000000000 0.002994012
  0.641629549516151   0.000000000 0.002994012
  0.654813959828159   0.000000000 0.002994012
  0.668554509259075   0.000000000 0.002994012
  0.683162392283229   0.000000000 0.002994012
  0.686850863686306   0.000000000 0.002994012
  0.694598140968345   0.000000000 0.002994012
  0.701746917432994   0.000000000 0.002994012
  0.739441902070432   0.000000000 0.002994012
  0.739574945226167   0.000000000 0.002994012
  0.740381188251841   0.000000000 0.002994012
  0.75330764338039    0.000000000 0.002994012
  0.760809124904686   0.000000000 0.002994012
  0.769135833300093   0.000000000 0.002994012
  0.776027299337877   0.000000000 0.002994012
  0.776783573758919   0.000000000 0.002994012
  0.779609426349642   0.000000000 0.002994012
  0.799872108000752   0.000000000 0.002994012
  0.807856729693981   0.000000000 0.002994012
  0.81452934073342    0.000000000 0.002994012
  0.82887474534236    0.000000000 0.002994012
  0.829491626033467   0.000000000 0.002994012
  0.8471007241355     0.000000000 0.002994012
  0.854503532479818   0.000000000 0.002994012
  0.856376898239152   0.000000000 0.002994012
  0.870887215345977   0.000000000 0.002994012
  0.882800147573226   0.000000000 0.002994012
  0.886800822838447   0.000000000 0.002994012
  0.89028409150368    0.000000000 0.002994012
  0.904349160539123   0.000000000 0.002994012
  0.909531983027216   0.000000000 0.002994012
  0.912936500448248   0.000000000 0.002994012
  0.923719112626999   0.000000000 0.002994012
  0.928929505020711   0.000000000 0.002994012
  0.936509082898376   0.000000000 0.002994012
  0.945664312987221   0.000000000 0.002994012
  0.947625710699819   0.000000000 0.002994012
  0.976498297917823   0.000000000 0.002994012
  0.988706320113955   0.000000000 0.002994012
  0.999439394614038   0.000000000 0.002994012
  1                   0.320359281 0.317365269
  1.01829903758533    0.000000000 0.002994012
  1.02379478471566    0.000000000 0.002994012
  1.0372396033396     0.000000000 0.002994012
  1.03824151397739    0.000000000 0.002994012
  1.06597916010804    0.000000000 0.002994012
  1.09148822009424    0.000000000 0.002994012
  1.10438287638958    0.000000000 0.002994012
  1.11369485258565    0.000000000 0.002994012
  1.11886987628679    0.000000000 0.002994012
  1.13619518246324    0.000000000 0.002994012
  1.15653257608792    0.000000000 0.002994012
  1.21760388129601    0.000000000 0.002994012
  1.22154276120799    0.000000000 0.002994012
  1.22188593644209    0.000000000 0.002994012
  1.22936417826752    0.000000000 0.002994012
  1.24607635507438    0.000000000 0.002994012
  1.26278418640916    0.000000000 0.002994012
  1.2675660322307     0.000000000 0.002994012
  1.2818227135298     0.000000000 0.002994012
  1.29561922232237    0.000000000 0.002994012
  1.32074894302292    0.000000000 0.002994012
  1.32100982863022    0.000000000 0.002994012
  1.34961864137312    0.000000000 0.002994012
  1.35547470255604    0.000000000 0.002994012
  1.38627518780114    0.000000000 0.002994012
  1.39183860053391    0.000000000 0.002994012
  1.41073274323955    0.000000000 0.002994012
  1.41615709770466    0.000000000 0.002994012
  1.41744461831756    0.000000000 0.002994012
  1.4321103980004     0.000000000 0.002994012
  1.43938030388405    0.000000000 0.002994012
  1.45203356446315    0.000000000 0.002994012
  1.45329101453622    0.000000000 0.002994012
  1.47818656700084    0.000000000 0.002994012
  1.49039529105916    0.000000000 0.002994012
  1.50186593106266    0.000000000 0.002994012
  1.51627628852597    0.000000000 0.002994012
  1.53330924963986    0.000000000 0.002994012
  1.56904434007001    0.000000000 0.002994012
  1.57109577024937    0.000000000 0.002994012
  1.5774711503212     0.000000000 0.002994012
  1.58134527838616    0.000000000 0.002994012
  1.60688600191417    0.000000000 0.002994012
  1.61471349666402    0.000000000 0.002994012
  1.62913987095833    0.000000000 0.002994012
  1.63653964368614    0.000000000 0.002994012
  1.64701307569692    0.000000000 0.002994012
  1.6624064162555     0.000000000 0.002994012
  1.70168552344854    0.000000000 0.002994012
  1.70262864035003    0.000000000 0.002994012
  1.70399042359787    0.000000000 0.002994012
  1.72032736666025    0.000000000 0.002994012
  1.73705309864468    0.000000000 0.002994012
  1.76373229954689    0.000000000 0.002994012
  1.76972513099815    0.000000000 0.002994012
  1.77577932052436    0.000000000 0.002994012
  1.82104316621259    0.000000000 0.002994012
  1.84103379045233    0.000000000 0.002994012
  1.8641353898147     0.000000000 0.002994012
  1.8689441940731     0.000000000 0.002994012
  1.87198643068939    0.000000000 0.002994012
  1.88469956913149    0.000000000 0.002994012
  1.89459269865112    0.000000000 0.002994012
  1.93120342324256    0.000000000 0.002994012
  1.94233996540768    0.000000000 0.002994012
  2                   0.206586826 0.077844311
  2.23993096369325    0.000000000 0.002994012
  2.40080584435768    0.000000000 0.002994012
  2.43840144615507    0.000000000 0.002994012
  2.87298954383258    0.000000000 0.002994012
  2.96122237910935    0.000000000 0.002994012
  3                   0.113772455 0.002994012
  4                   0.017964072 0.000000000
  5                   0.008982036 0.000000000
  6                   0.002994012 0.000000000

  Parameters of node game_score (multinomial distribution)

Conditional probability table:
                   0 0.00545148632174042  0.0182990375853307  0.0193861665488662 
        0.296407186         0.001497006         0.001497006         0.001497006 
 0.0240211734416136  0.0584345865348636  0.0730080718758951  0.0810409580358935 
        0.001497006         0.001497006         0.001497006         0.001497006 
 0.0826058292903624  0.0868797478472317  0.0918294580850338   0.108691068707503 
        0.001497006         0.001497006         0.001497006         0.001497006 
  0.113694852585655    0.14003880750634   0.156532576087918   0.164774285165914 
        0.001497006         0.001497006         0.001497006         0.001497006 
  0.187038850272782   0.189084354481739    0.21580723855442   0.229364178267519 
        0.001497006         0.001497006         0.001497006         0.001497006 
  0.277518615112159   0.294265534535658   0.295619222322366   0.320179053272065 
        0.001497006         0.001497006         0.001497006         0.001497006 
  0.332129835193859   0.333922954884336   0.337951525767674   0.354895294785471 
        0.001497006         0.001497006         0.001497006         0.001497006 
  0.376367740235036   0.388127422876552   0.388490169489741    0.39531874856249 
        0.001497006         0.001497006         0.001497006         0.001497006 
  0.399172478340622   0.410732743239551   0.441606795642751     0.4480702214003 
        0.001497006         0.001497006         0.001497006         0.001497006 
  0.448182210559501   0.478186567000837   0.490395291059161   0.498440689221227 
        0.001497006         0.001497006         0.001497006         0.001497006 
  0.510433263257564   0.540292520594891   0.546809205067169   0.554031987076154 
        0.001497006         0.001497006         0.001497006         0.001497006 
  0.566092584822366   0.570755763261151   0.577471150321196   0.578539533311893 
        0.001497006         0.001497006         0.001497006         0.001497006 
  0.579426529969921    0.58134527838616   0.585892037420169   0.596706366292498 
        0.001497006         0.001497006         0.001497006         0.001497006 
  0.614127668903145   0.625748856680683   0.641966511247202   0.643267096504773 
        0.001497006         0.001497006         0.001497006         0.001497006 
  0.661740137359685   0.668554509259075   0.679602669042312   0.684129984300776 
        0.001497006         0.001497006         0.001497006         0.001497006 
  0.691656397779347   0.702628640350028   0.729869959953299   0.742345153976627 
        0.001497006         0.001497006         0.001497006         0.001497006 
  0.744174620492101   0.752769539152043   0.760415024952821   0.767324583561077 
        0.001497006         0.001497006         0.001497006         0.001497006 
  0.770013716100474   0.771304254724341   0.777017197268836   0.799872108000752 
        0.001497006         0.001497006         0.001497006         0.001497006 
  0.859727618859414   0.864220796000795    0.86442649896739   0.878760607768093 
        0.001497006         0.001497006         0.001497006         0.001497006 
   0.90344236192358   0.904067128926292   0.906965020576408   0.923719112626999 
        0.001497006         0.001497006         0.001497006         0.001497006 
  0.926410631993131   0.931203423242555    0.93206769490735   0.936509082898376 
        0.001497006         0.001497006         0.001497006         0.001497006 
  0.942339965407679   0.945664312987221   0.994214914636475   0.996572951162851 
        0.001497006         0.001497006         0.001497006         0.001497006 
                  1    1.02379478471566    1.02574932733117    1.03659382042889 
        0.233532934         0.001497006         0.001497006         0.001497006 
    1.0372396033396    1.09148822009424    1.09244924306328    1.10438287638958 
        0.001497006         0.001497006         0.001497006         0.001497006 
   1.11319917716155    1.11886987628679    1.13619518246324    1.13983631666988 
        0.001497006         0.001497006         0.001497006         0.001497006 
    1.1528992758645    1.21760388129601    1.22154276120799    1.22188593644209 
        0.001497006         0.001497006         0.001497006         0.001497006 
   1.22942699332805    1.23295886945462    1.23892025950424    1.23993096369325 
        0.001497006         0.001497006         0.001497006         0.001497006 
   1.24669235661961    1.25590099823782    1.26278418640916     1.2675660322307 
        0.001497006         0.001497006         0.001497006         0.001497006 
   1.26805585480971    1.27114965999013     1.2818227135298      1.324812832511 
        0.001497006         0.001497006         0.001497006         0.001497006 
   1.32519067931344    1.33962552848854    1.35547470255604    1.37086012904167 
        0.001497006         0.001497006         0.001497006         0.001497006 
   1.38627518780114    1.39183860053391    1.40080584435768    1.40150046741376 
        0.001497006         0.001497006         0.001497006         0.001497006 
   1.40337104689708    1.40349383486599    1.41615709770466    1.43840144615507 
        0.001497006         0.001497006         0.001497006         0.001497006 
   1.45329101453622    1.46079665458587    1.50186593106266    1.54782541973044 
        0.001497006         0.001497006         0.001497006         0.001497006 
   1.54836025768656    1.55230879207279    1.63653964368614    1.65657456815685 
        0.001497006         0.001497006         0.001497006         0.001497006 
   1.67547230856514    1.68550043167513    1.70427306402257    1.71511742926498 
        0.001497006         0.001497006         0.001497006         0.001497006 
   1.73079077378964    1.73788838814621    1.76373229954689    1.77577932052436 
        0.001497006         0.001497006         0.001497006         0.001497006 
   1.79767494316341    1.79968946357976    1.83478052967408    1.84103379045233 
        0.001497006         0.001497006         0.001497006         0.001497006 
   1.86684396004988    1.87298954383258    1.87714991401145    1.88469956913149 
        0.001497006         0.001497006         0.001497006         0.001497006 
   1.89459269865112    1.91052158310629    1.93599321534469    1.95410885024554 
        0.001497006         0.001497006         0.001497006         0.001497006 
   1.96122237910935    1.97156687460082    1.97190440849409    1.97702404492992 
        0.001497006         0.001497006         0.001497006         0.001497006 
                  2                   3                   4                   5 
        0.182634731         0.034431138         0.014970060         0.001497006 

  Parameters of node op1 (conditional Gaussian distribution)

Conditional density: op1 | op3 + op5 + sv1 + estado
Coefficients:
                       0            1
(Intercept)  -0.05478339   0.41002944
op3           0.01121753  -0.16885145
op5           0.15687181  -0.27128421
sv1           0.56964608   0.00000000
Standard deviation of the residuals:
        0          1  
0.4824232  0.4430848  
Discrete parents' configurations:
   estado
0       0
1       1

  Parameters of node op2 (conditional Gaussian distribution)

Conditional density: op2 | op1 + op4 + op6 + sv5 + sv6 + score + estado
Coefficients:
                       0            1
(Intercept)   0.38236047  -0.20381496
op1           0.17375356   0.04226078
op4           0.05407274   0.17030974
op6           0.02080991   0.45446090
sv5           0.04365890   0.22294120
sv6           0.24757143  -0.13138665
score        -0.00653937   0.08779474
Standard deviation of the residuals:
        0          1  
0.4350067  0.4078673  
Discrete parents' configurations:
   estado
0       0
1       1

  Parameters of node op3 (conditional Gaussian distribution)

Conditional density: op3 | estado
Coefficients:
                     0          1
(Intercept)  0.4041916  0.2634731
Standard deviation of the residuals:
        0          1  
0.4914712  0.4411777  
Discrete parents' configurations:
   estado
0       0
1       1

  Parameters of node op4 (conditional Gaussian distribution)

Conditional density: op4 | op1 + op3 + op5 + op6 + sv4 + score + estado
Coefficients:
                        0             1
(Intercept)  -0.060344988   0.245496424
op1           0.091860718   0.150626956
op3           0.075884985   0.083477202
op5           0.074044844   0.541762641
op6          -0.016532817  -0.192569472
sv4           0.572560335   0.394862447
score        -0.001735915  -0.047998004
Standard deviation of the residuals:
        0          1  
0.4177546  0.3796883  
Discrete parents' configurations:
   estado
0       0
1       1

  Parameters of node op5 (conditional Gaussian distribution)

Conditional density: op5 | op3 + score + estado
Coefficients:
                       0            1
(Intercept)   0.05854803   0.38571150
op3           0.42281920   0.29692657
score         0.02552594  -0.04404079
Standard deviation of the residuals:
        0          1  
0.4446639  0.3659496  
Discrete parents' configurations:
   estado
0       0
1       1

  Parameters of node op6 (conditional Gaussian distribution)

Conditional density: op6 | op1 + op3 + op5 + sv4 + estado
Coefficients:
                        0             1
(Intercept)   0.370624029   0.036102931
op1           0.043641056  -0.099556567
op3           0.121294677   0.048428543
op5           0.125317313   0.593065200
sv4          -0.002995188   0.143087412
Standard deviation of the residuals:
        0          1  
0.4920032  0.3170846  
Discrete parents' configurations:
   estado
0       0
1       1

  Parameters of node sv1 (Gaussian distribution)

Conditional density: sv1
Coefficients:
(Intercept)  
  0.9865269  
Standard deviation of the residuals: 0.1153753 

  Parameters of node sv2 (conditional Gaussian distribution)

Conditional density: sv2 | op2 + op3 + sv1 + sv4 + sv5 + sv6 + score_p + programa + estado
Coefficients:
                        0             1
(Intercept)   0.409760222   1.117508677
op2           0.137603401   0.372378373
op3           0.058908085   0.254186023
sv1           0.403669166   0.000000000
sv4          -0.035325940  -0.316511215
sv5           0.044743056   0.139528138
sv6           0.045601896   0.052680685
score_p       0.002507816  -0.104847929
programa     -0.008484414  -0.049056550
Standard deviation of the residuals:
        0          1  
0.1960881  0.2420571  
Discrete parents' configurations:
   estado
0       0
1       1

  Parameters of node sv3 (conditional Gaussian distribution)

Conditional density: sv3 | op1 + op2 + op5 + op6 + sv2 + sv4 + sv5 + score_p + score_d + score_s + programa + estado
Coefficients:
                         0              1
(Intercept)  -0.0570449570  -0.9705628397
op1          -0.0004398616  -0.0973529679
op2          -0.0103632031  -0.2422140042
op5           0.3262286165   0.1168426764
op6           0.0696970259   0.0947051904
sv2           0.2748980772   0.5075807603
sv4           0.1400734879   0.3066677734
sv5           0.2151935957   0.0456730597
score_p      -0.0330310423   0.1132758770
score_d      -0.0255692039  -0.0702654352
score_s       0.0196503371   0.1043737229
programa     -0.0332262978   0.0859363370
Standard deviation of the residuals:
        0          1  
0.4331250  0.3514513  
Discrete parents' configurations:
   estado
0       0
1       1

  Parameters of node sv4 (conditional Gaussian distribution)

Conditional density: sv4 | op3 + op5 + score + estado
Coefficients:
                        0             1
(Intercept)   0.423498466   0.629612458
op3           0.128159993   0.311892629
op5           0.187522790   0.226509371
score         0.027192915  -0.004313794
Standard deviation of the residuals:
        0          1  
0.4099888  0.4076547  
Discrete parents' configurations:
   estado
0       0
1       1

  Parameters of node sv5 (conditional Gaussian distribution)

Conditional density: sv5 | op3 + op4 + op5 + sv4 + sv6 + score + score_d + score_s + programa + estado
Coefficients:
                         0              1
(Intercept)   0.3948444689   0.0607469060
op3           0.1090562569   0.0288744771
op4           0.0002001839   0.1457878989
op5           0.1198304634  -0.0252370520
sv4           0.0436545253   0.6117913804
sv6           0.0904219567   0.4314487156
score         0.0169786961  -0.0588173756
score_d       0.0027960621   0.1023444773
score_s       0.0178422264   0.0606754383
programa      0.0301823651  -0.0343390707
Standard deviation of the residuals:
        0          1  
0.2972627  0.2831701  
Discrete parents' configurations:
   estado
0       0
1       1

  Parameters of node sv6 (conditional Gaussian distribution)

Conditional density: sv6 | op3 + op5 + op6 + sv1 + sv4 + score + score_d + programa + estado
Coefficients:
                        0             1
(Intercept)   0.183659378  -0.509184910
op3           0.049853487   0.121020894
op5           0.036027904   0.233019384
op6           0.384024575   0.206034663
sv1           0.346985602   0.000000000
sv4           0.114562934   0.109405533
score        -0.019957383   0.089476986
score_d       0.049093788   0.077129792
programa     -0.001786205   0.106134637
Standard deviation of the residuals:
        0          1  
0.3417219  0.3213155  
Discrete parents' configurations:
   estado
0       0
1       1

  Parameters of node score (conditional Gaussian distribution)

Conditional density: score | op3 + estado
Coefficients:
                     0          1
(Intercept)  7.1557789  6.0813008
op3          0.1034804  0.6459719
Standard deviation of the residuals:
       0         1  
2.122808  1.813461  
Discrete parents' configurations:
   estado
0       0
1       1

  Parameters of node score_a (conditional Gaussian distribution)

Conditional density: score_a | op3 + op4 + op5 + score + score_p + score_d + score_s + programa + estado
Coefficients:
                        0             1
(Intercept)  -0.309212188  -0.408585686
op3           0.008287336  -0.191996948
op4           0.024208582   0.197091075
op5          -0.023643709  -0.294232502
score         1.126656133   0.845075563
score_p      -0.743016553  -0.460906462
score_d      -0.197265187  -0.136865393
score_s      -0.237403068   0.073416616
programa      0.020267351   0.083507889
Standard deviation of the residuals:
        0          1  
0.5572470  0.5311742  
Discrete parents' configurations:
   estado
0       0
1       1

  Parameters of node score_p (conditional Gaussian distribution)

Conditional density: score_p | op1 + op3 + op5 + sv4 + score + estado
Coefficients:
                       0            1
(Intercept)  -0.13242437  -1.26392773
op1          -0.08394744  -0.28335882
op3          -0.10036019   0.14293160
op5           0.13191983   0.51743827
sv4           0.12651952   0.92396787
score         0.46293409   0.51207076
Standard deviation of the residuals:
        0          1  
0.8142724  0.5747967  
Discrete parents' configurations:
   estado
0       0
1       1

  Parameters of node score_d (conditional Gaussian distribution)

Conditional density: score_d | op1 + op4 + op6 + sv4 + score + score_p + estado
Coefficients:
                        0             1
(Intercept)  -0.405773819  -0.300389455
op1           0.143951235  -0.006484099
op4           0.051706234  -0.131487583
op6          -0.011571268   0.377219347
sv4          -0.030002792  -0.371998437
score         0.617524230   0.579788660
score_p      -0.578423629  -0.463175639
Standard deviation of the residuals:
        0          1  
0.5648739  0.5127952  
Discrete parents' configurations:
   estado
0       0
1       1

  Parameters of node score_s (Gaussian distribution)

Conditional density: score_s | op1 + op3 + score + score_p + score_d
Coefficients:
(Intercept)          op1          op3        score      score_p      score_d  
 0.34234021   0.07276125   0.12778320   0.33422126  -0.32942700   0.21213048  
Standard deviation of the residuals: 0.6118101 

  Parameters of node programa (conditional Gaussian distribution)

Conditional density: programa | op1 + op3 + op4 + op5 + op6 + sv4 + score_p + score_d + score_s + estado
Coefficients:
                       0            1
(Intercept)   4.72860851   3.49026713
op1          -0.19233870  -0.32640547
op3          -0.14861815   0.22103566
op4           0.05407048   0.47211027
op5          -0.05587279  -0.48380576
op6           0.12142056  -0.21643826
sv4           0.09919723  -0.42673257
score_p      -0.12541304   0.06607075
score_d      -0.01537171   0.43015977
score_s      -0.09004131  -0.41261097
Standard deviation of the residuals:
        0          1  
0.9566191  0.6638842  
Discrete parents' configurations:
   estado
0       0
1       1

  Parameters of node sol1 (multinomial distribution)

Conditional probability table:
                  0  0.025847479513208 0.0458911497544634  0.226398354323107 
       0.052395210        0.001497006        0.001497006        0.001497006 
 0.271678435063896   0.27518630702978  0.287246203521697  0.317454585508118 
       0.001497006        0.001497006        0.001497006        0.001497006 
 0.341016747933067  0.447691207927214  0.451639742313436  0.493384713239221 
       0.001497006        0.001497006        0.001497006        0.001497006 
 0.650381358626881   0.67259302008592  0.679251056977083  0.744099001762178 
       0.001497006        0.001497006        0.001497006        0.001497006 
 0.767041130545383  0.934020839891959                  1   1.00063945999624 
       0.001497006        0.001497006        0.002994012        0.001497006 
  1.01507010721169   1.31314913631369   1.31325862232361   1.40854612804514 
       0.001497006        0.001497006        0.001497006        0.001497006 
  1.43023485852996   1.46158154757929   1.59937892715952   1.66956105934815 
       0.001497006        0.001497006        0.001497006        0.001497006 
  1.66977847327025   1.73368792009977   1.83072768837542   1.94313374920164 
       0.001497006        0.001497006        0.001497006        0.001497006 
                 2   2.13323699855946   2.26595397466415    2.3570690270418 
       0.001497006        0.001497006        0.001497006        0.001497006 
  2.39663967279789   2.50779655389387   2.52546756921777    2.5880523027877 
       0.001497006        0.001497006        0.001497006        0.001497006 
   2.7596488929985   2.92892950502071   2.97358307430458   2.98870632011395 
       0.001497006        0.001497006        0.001497006        0.001497006 
                 3   3.31024237116163   3.96251540333098                  4 
       0.002994012        0.001497006        0.001497006        0.029940120 
  4.00342704883715   4.06400678465531   4.06537653862399   4.08900943282163 
       0.001497006        0.001497006        0.001497006        0.001497006 
  4.14003880750634   4.17612857417043   4.19203302771412   4.23267541643892 
       0.001497006        0.001497006        0.001497006        0.001497006 
  4.23626770045311   4.26329819472771   4.27891835068799   4.27910493827078 
       0.001497006        0.001497006        0.001497006        0.001497006 
  4.29067263919308   4.29092845497717    4.3019325782281   4.31306515217584 
       0.001497006        0.001497006        0.001497006        0.001497006 
  4.32017905327206   4.33212983519386   4.35673290349523   4.35837045048385 
       0.001497006        0.001497006        0.001497006        0.001497006 
  4.36346035631386   4.36821792929689   4.38087837802788   4.38812742287655 
       0.001497006        0.001497006        0.001497006        0.001497006 
  4.41921572562916   4.42057347003008   4.42233998881702   4.45872835653504 
       0.001497006        0.001497006        0.001497006        0.001497006 
  4.47809447718828   4.48867516024552   4.60816139946609   4.61372481219886 
       0.001497006        0.001497006        0.001497006        0.001497006 
  4.66174013735968   4.69459814096835   4.70040292217884   4.70564102409666 
       0.001497006        0.001497006        0.001497006        0.001497006 
  4.73243396776931   4.73721581359084   4.74428452365219   4.78239611870399 
       0.001497006        0.001497006        0.001497006        0.001497006 
  4.86225581287245   4.86388247134301   4.89021853871334   4.91325586252512 
       0.001497006        0.001497006        0.001497006        0.001497006 
  4.95106450371156    4.9627603966604   4.97425067266883   4.98079058211832 
       0.001497006        0.001497006        0.001497006        0.001497006 
                 5   5.00373186212532   5.03824151397739   5.04130291464518 
       0.119760479        0.001497006        0.001497006        0.001497006 
  5.04307205246903   5.04942952907934   5.07182443279872   5.07358936800687 
       0.001497006        0.001497006        0.001497006        0.001497006 
  5.08687974784723    5.1086910687075   5.14149809685264   5.14815254475183 
       0.001497006        0.001497006        0.001497006        0.001497006 
  5.16366458285698     5.188039875013   5.22298280273116   5.22331784080444 
       0.001497006        0.001497006        0.001497006        0.001497006 
  5.22869574527566   5.23926760518089   5.24607635507438   5.25102232567725 
       0.001497006        0.001497006        0.001497006        0.001497006 
  5.26118760839651   5.26119049865526   5.26381330607157    5.2701300400467 
       0.001497006        0.001497006        0.001497006        0.001497006 
  5.27446466028273   5.29561922232237   5.32039733095769   5.32100982863022 
       0.001497006        0.001497006        0.001497006        0.001497006 
  5.32449021157525   5.32661260872733   5.33191189836511   5.34158119614161 
       0.001497006        0.001497006        0.001497006        0.001497006 
  5.34491815297863   5.38587233109686    5.4032936337075   5.40525728070006 
       0.001497006        0.001497006        0.001497006        0.001497006 
  5.41410796257983   5.42146046668811    5.4321103980004   5.45203356446315 
       0.001497006        0.001497006        0.001497006        0.001497006 
  5.51627628852597   5.56159855384493   5.57109577024937   5.57253627792464 
       0.001497006        0.001497006        0.001497006        0.001497006 
  5.61029467711521   5.62363225976496   5.62412900776493    5.6624064162555 
       0.001497006        0.001497006        0.001497006        0.001497006 
  5.73705309864468   5.75276953915204   5.78170072962931     5.784522170035 
       0.001497006        0.001497006        0.001497006        0.001497006 
  5.80344300095708   5.81913392992896   5.82128401516448   5.91052158310629 
       0.001497006        0.001497006        0.001497006        0.001497006 
  5.94233996540768                  6   6.06044905224627   6.11720339639303 
       0.001497006        0.064371257        0.001497006        0.001497006 
  6.13071477347193    6.1358646101853   6.13869512812247   6.14062253742923 
       0.001497006        0.001497006        0.001497006        0.001497006 
  6.37425114331932   6.44596801292385   6.44643285248216   6.54229931998026 
       0.001497006        0.001497006        0.001497006        0.001497006 
  6.55839320435725    6.5707038003266   6.68296187298094   6.78097578437231 
       0.001497006        0.001497006        0.001497006        0.001497006 
  6.80300093482752   6.81091564551826   6.84383793793607   6.85838038925636 
       0.001497006        0.001497006        0.001497006        0.001497006 
  6.88304909249569   6.95473436218878   6.97190440849409                  7 
       0.001497006        0.001497006        0.001497006        0.077844311 
  7.10524075229898   7.16906914480055   7.19119498187881   7.25521663162878 
       0.001497006        0.001497006        0.001497006        0.001497006 
  7.25787432124358   7.31304895249609   7.43161447710884   7.44844135895127 
       0.001497006        0.001497006        0.001497006        0.001497006 
  7.50072687280992   7.54482922500791   7.65855411623188   7.70979058957094 
       0.001497006        0.001497006        0.001497006        0.001497006 
  7.89968656710579   7.93635207533014                  8   8.05843458653486 
       0.001497006        0.001497006        0.143712575        0.001497006 
   8.1415115265223   8.16768580459068   8.20232505683659   8.43635457294039 
       0.001497006        0.001497006        0.001497006        0.001497006 
  8.48469030795325   8.55622812711582   8.73194414519029                  9 
       0.001497006        0.001497006        0.001497006        0.220059880 

  Parameters of node estado (multinomial distribution)

Conditional probability table:
 
      sol1
estado          0 0.025847479513208 0.0458911497544634 0.226398354323107
     0 0.00000000        0.00000000         0.00000000        0.00000000
     1 1.00000000        1.00000000         1.00000000        1.00000000
      sol1
estado 0.271678435063896 0.27518630702978 0.287246203521697 0.317454585508118
     0        0.00000000       0.00000000        0.00000000        0.00000000
     1        1.00000000       1.00000000        1.00000000        1.00000000
      sol1
estado 0.341016747933067 0.447691207927214 0.451639742313436 0.493384713239221
     0        0.00000000        0.00000000        0.00000000        0.00000000
     1        1.00000000        1.00000000        1.00000000        1.00000000
      sol1
estado 0.650381358626881 0.67259302008592 0.679251056977083 0.744099001762178
     0        0.00000000       0.00000000        0.00000000        0.00000000
     1        1.00000000       1.00000000        1.00000000        1.00000000
      sol1
estado 0.767041130545383 0.934020839891959          1 1.00063945999624
     0        0.00000000        0.00000000 0.50000000       0.00000000
     1        1.00000000        1.00000000 0.50000000       1.00000000
      sol1
estado 1.01507010721169 1.31314913631369 1.31325862232361 1.40854612804514
     0       0.00000000       0.00000000       0.00000000       0.00000000
     1       1.00000000       1.00000000       1.00000000       1.00000000
      sol1
estado 1.43023485852996 1.46158154757929 1.59937892715952 1.66956105934815
     0       0.00000000       0.00000000       0.00000000       0.00000000
     1       1.00000000       1.00000000       1.00000000       1.00000000
      sol1
estado 1.66977847327025 1.73368792009977 1.83072768837542 1.94313374920164
     0       0.00000000       0.00000000       0.00000000       0.00000000
     1       1.00000000       1.00000000       1.00000000       1.00000000
      sol1
estado          2 2.13323699855946 2.26595397466415 2.3570690270418
     0 0.00000000       0.00000000       0.00000000      0.00000000
     1 1.00000000       1.00000000       1.00000000      1.00000000
      sol1
estado 2.39663967279789 2.50779655389387 2.52546756921777 2.5880523027877
     0       0.00000000       0.00000000       0.00000000      0.00000000
     1       1.00000000       1.00000000       1.00000000      1.00000000
      sol1
estado 2.7596488929985 2.92892950502071 2.97358307430458 2.98870632011395
     0      0.00000000       0.00000000       0.00000000       0.00000000
     1      1.00000000       1.00000000       1.00000000       1.00000000
      sol1
estado          3 3.31024237116163 3.96251540333098          4 4.00342704883715
     0 1.00000000       0.00000000       0.00000000 0.40000000       0.00000000
     1 0.00000000       1.00000000       1.00000000 0.60000000       1.00000000
      sol1
estado 4.06400678465531 4.06537653862399 4.08900943282163 4.14003880750634
     0       0.00000000       0.00000000       0.00000000       0.00000000
     1       1.00000000       1.00000000       1.00000000       1.00000000
      sol1
estado 4.17612857417043 4.19203302771412 4.23267541643892 4.23626770045311
     0       0.00000000       0.00000000       0.00000000       0.00000000
     1       1.00000000       1.00000000       1.00000000       1.00000000
      sol1
estado 4.26329819472771 4.27891835068799 4.27910493827078 4.29067263919308
     0       0.00000000       0.00000000       0.00000000       0.00000000
     1       1.00000000       1.00000000       1.00000000       1.00000000
      sol1
estado 4.29092845497717 4.3019325782281 4.31306515217584 4.32017905327206
     0       0.00000000      0.00000000       0.00000000       0.00000000
     1       1.00000000      1.00000000       1.00000000       1.00000000
      sol1
estado 4.33212983519386 4.35673290349523 4.35837045048385 4.36346035631386
     0       0.00000000       0.00000000       0.00000000       0.00000000
     1       1.00000000       1.00000000       1.00000000       1.00000000
      sol1
estado 4.36821792929689 4.38087837802788 4.38812742287655 4.41921572562916
     0       0.00000000       0.00000000       0.00000000       0.00000000
     1       1.00000000       1.00000000       1.00000000       1.00000000
      sol1
estado 4.42057347003008 4.42233998881702 4.45872835653504 4.47809447718828
     0       0.00000000       0.00000000       0.00000000       0.00000000
     1       1.00000000       1.00000000       1.00000000       1.00000000
      sol1
estado 4.48867516024552 4.60816139946609 4.61372481219886 4.66174013735968
     0       0.00000000       0.00000000       0.00000000       0.00000000
     1       1.00000000       1.00000000       1.00000000       1.00000000
      sol1
estado 4.69459814096835 4.70040292217884 4.70564102409666 4.73243396776931
     0       0.00000000       0.00000000       0.00000000       0.00000000
     1       1.00000000       1.00000000       1.00000000       1.00000000
      sol1
estado 4.73721581359084 4.74428452365219 4.78239611870399 4.86225581287245
     0       0.00000000       0.00000000       0.00000000       0.00000000
     1       1.00000000       1.00000000       1.00000000       1.00000000
      sol1
estado 4.86388247134301 4.89021853871334 4.91325586252512 4.95106450371156
     0       0.00000000       0.00000000       0.00000000       0.00000000
     1       1.00000000       1.00000000       1.00000000       1.00000000
      sol1
estado 4.9627603966604 4.97425067266883 4.98079058211832          5
     0      0.00000000       0.00000000       0.00000000 0.17500000
     1      1.00000000       1.00000000       1.00000000 0.82500000
      sol1
estado 5.00373186212532 5.03824151397739 5.04130291464518 5.04307205246903
     0       0.00000000       0.00000000       0.00000000       0.00000000
     1       1.00000000       1.00000000       1.00000000       1.00000000
      sol1
estado 5.04942952907934 5.07182443279872 5.07358936800687 5.08687974784723
     0       0.00000000       0.00000000       0.00000000       0.00000000
     1       1.00000000       1.00000000       1.00000000       1.00000000
      sol1
estado 5.1086910687075 5.14149809685264 5.14815254475183 5.16366458285698
     0      0.00000000       0.00000000       0.00000000       0.00000000
     1      1.00000000       1.00000000       1.00000000       1.00000000
      sol1
estado 5.188039875013 5.22298280273116 5.22331784080444 5.22869574527566
     0     0.00000000       0.00000000       0.00000000       0.00000000
     1     1.00000000       1.00000000       1.00000000       1.00000000
      sol1
estado 5.23926760518089 5.24607635507438 5.25102232567725 5.26118760839651
     0       0.00000000       0.00000000       0.00000000       0.00000000
     1       1.00000000       1.00000000       1.00000000       1.00000000
      sol1
estado 5.26119049865526 5.26381330607157 5.2701300400467 5.27446466028273
     0       0.00000000       0.00000000      0.00000000       0.00000000
     1       1.00000000       1.00000000      1.00000000       1.00000000
      sol1
estado 5.29561922232237 5.32039733095769 5.32100982863022 5.32449021157525
     0       0.00000000       0.00000000       0.00000000       0.00000000
     1       1.00000000       1.00000000       1.00000000       1.00000000
      sol1
estado 5.32661260872733 5.33191189836511 5.34158119614161 5.34491815297863
     0       0.00000000       0.00000000       0.00000000       0.00000000
     1       1.00000000       1.00000000       1.00000000       1.00000000
      sol1
estado 5.38587233109686 5.4032936337075 5.40525728070006 5.41410796257983
     0       0.00000000      0.00000000       0.00000000       0.00000000
     1       1.00000000      1.00000000       1.00000000       1.00000000
      sol1
estado 5.42146046668811 5.4321103980004 5.45203356446315 5.51627628852597
     0       0.00000000      0.00000000       0.00000000       0.00000000
     1       1.00000000      1.00000000       1.00000000       1.00000000
      sol1
estado 5.56159855384493 5.57109577024937 5.57253627792464 5.61029467711521
     0       0.00000000       0.00000000       0.00000000       0.00000000
     1       1.00000000       1.00000000       1.00000000       1.00000000
      sol1
estado 5.62363225976496 5.62412900776493 5.6624064162555 5.73705309864468
     0       0.00000000       0.00000000      0.00000000       0.00000000
     1       1.00000000       1.00000000      1.00000000       1.00000000
      sol1
estado 5.75276953915204 5.78170072962931 5.784522170035 5.80344300095708
     0       0.00000000       0.00000000     0.00000000       0.00000000
     1       1.00000000       1.00000000     1.00000000       1.00000000
      sol1
estado 5.81913392992896 5.82128401516448 5.91052158310629 5.94233996540768
     0       0.00000000       0.00000000       0.00000000       0.00000000
     1       1.00000000       1.00000000       1.00000000       1.00000000
      sol1
estado          6 6.06044905224627 6.11720339639303 6.13071477347193
     0 0.62790698       0.00000000       0.00000000       0.00000000
     1 0.37209302       1.00000000       1.00000000       1.00000000
      sol1
estado 6.1358646101853 6.13869512812247 6.14062253742923 6.37425114331932
     0      0.00000000       0.00000000       0.00000000       0.00000000
     1      1.00000000       1.00000000       1.00000000       1.00000000
      sol1
estado 6.44596801292385 6.44643285248216 6.54229931998026 6.55839320435725
     0       0.00000000       0.00000000       0.00000000       0.00000000
     1       1.00000000       1.00000000       1.00000000       1.00000000
      sol1
estado 6.5707038003266 6.68296187298094 6.78097578437231 6.80300093482752
     0      0.00000000       0.00000000       0.00000000       0.00000000
     1      1.00000000       1.00000000       1.00000000       1.00000000
      sol1
estado 6.81091564551826 6.84383793793607 6.85838038925636 6.88304909249569
     0       0.00000000       0.00000000       0.00000000       0.00000000
     1       1.00000000       1.00000000       1.00000000       1.00000000
      sol1
estado 6.95473436218878 6.97190440849409          7 7.10524075229898
     0       0.00000000       0.00000000 0.96153846       0.00000000
     1       1.00000000       1.00000000 0.03846154       1.00000000
      sol1
estado 7.16906914480055 7.19119498187881 7.25521663162878 7.25787432124358
     0       0.00000000       0.00000000       0.00000000       0.00000000
     1       1.00000000       1.00000000       1.00000000       1.00000000
      sol1
estado 7.31304895249609 7.43161447710884 7.44844135895127 7.50072687280992
     0       0.00000000       0.00000000       0.00000000       0.00000000
     1       1.00000000       1.00000000       1.00000000       1.00000000
      sol1
estado 7.54482922500791 7.65855411623188 7.70979058957094 7.89968656710579
     0       0.00000000       0.00000000       0.00000000       0.00000000
     1       1.00000000       1.00000000       1.00000000       1.00000000
      sol1
estado 7.93635207533014          8 8.05843458653486 8.1415115265223
     0       0.00000000 0.93750000       0.00000000      0.00000000
     1       1.00000000 0.06250000       1.00000000      1.00000000
      sol1
estado 8.16768580459068 8.20232505683659 8.43635457294039 8.48469030795325
     0       0.00000000       0.00000000       0.00000000       0.00000000
     1       1.00000000       1.00000000       1.00000000       1.00000000
      sol1
estado 8.55622812711582 8.73194414519029          9
     0       0.00000000       0.00000000 0.96598639
     1       1.00000000       1.00000000 0.03401361

