
  Bayesian network parameters

  Parameters of node lt (multinomial distribution)

Conditional probability table:
                   0 0.00917418577336349  0.0284672935771362  0.0296259095176638 
        0.480597015         0.001492537         0.001492537         0.001492537 
 0.0300673011420465  0.0543451777489463  0.0543964845122187   0.079425808235756 
        0.001492537         0.001492537         0.001492537         0.001492537 
 0.0926001885763034  0.0932550985558001   0.100462168785193   0.102800899167576 
        0.001492537         0.001492537         0.001492537         0.001492537 
  0.104037203514446   0.114348965020807   0.117282090256699   0.117595091328704 
        0.001492537         0.001492537         0.001492537         0.001492537 
  0.126588407860079   0.131988874169741   0.132088818415924   0.150385139956383 
        0.001492537         0.001492537         0.001492537         0.001492537 
  0.165057946278486    0.17156001362413   0.188719957194556   0.190729587729514 
        0.001492537         0.001492537         0.001492537         0.001492537 
  0.196157543365183    0.20024609254093   0.210174050723369   0.220038849481353 
        0.001492537         0.001492537         0.001492537         0.001492537 
  0.224853984151053   0.227458826931336   0.228759036450192   0.236247950677211 
        0.001492537         0.001492537         0.001492537         0.001492537 
  0.247601617946612   0.259461405306045   0.260683096531117   0.265761103242004 
        0.001492537         0.001492537         0.001492537         0.001492537 
  0.268112803742287   0.269972724524012   0.272538170637862   0.272578995218056 
        0.001492537         0.001492537         0.001492537         0.001492537 
   0.27486946225864   0.275684693756985   0.302976246054822    0.30648326881753 
        0.001492537         0.001492537         0.001492537         0.001492537 
  0.349141971682888   0.354065657466905   0.364715186140197   0.373891725626362 
        0.001492537         0.001492537         0.001492537         0.001492537 
  0.383280421133162   0.388453042977163   0.399348509697319    0.42029539496865 
        0.001492537         0.001492537         0.001492537         0.001492537 
  0.421997662701118   0.430121026892945   0.436207753176826   0.460216719987736 
        0.001492537         0.001492537         0.001492537         0.001492537 
  0.460489398991186   0.483921511010301   0.487404760414267   0.492062539524248 
        0.001492537         0.001492537         0.001492537         0.001492537 
  0.529573075330508   0.529972181849304   0.539524049565948   0.569463543094552 
        0.001492537         0.001492537         0.001492537         0.001492537 
  0.604098074709928    0.62177334458664   0.624887089468632   0.637097553084724 
        0.001492537         0.001492537         0.001492537         0.001492537 
  0.646497352364016   0.649251302315767    0.65531563727162     0.6611151620269 
        0.001492537         0.001492537         0.001492537         0.001492537 
  0.667597460503174   0.688906425168246     0.7301031392016   0.736822806498323 
        0.001492537         0.001492537         0.001492537         0.001492537 
   0.74388254294781    0.77354065975857   0.780289204291107   0.795412018002411 
        0.001492537         0.001492537         0.001492537         0.001492537 
  0.797242599222273   0.812212688496643    0.81538217321091   0.838827240988204 
        0.001492537         0.001492537         0.001492537         0.001492537 
  0.885599540363855   0.902748380017012   0.905559219693097   0.912959738885471 
        0.001492537         0.001492537         0.001492537         0.001492537 
  0.951429263431403   0.954545963049887   0.961148175680921   0.982754518334948 
        0.001492537         0.001492537         0.001492537         0.001492537 
  0.983084380814911                   1    1.01054285315469    1.03031320885645 
        0.001492537         0.167164179         0.001492537         0.001492537 
   1.04048623136641    1.08240973860461    1.09293972311654    1.13452480548053 
        0.001492537         0.001492537         0.001492537         0.001492537 
   1.14578356781852    1.15450347890464    1.17443414018758    1.20569992203548 
        0.001492537         0.001492537         0.001492537         0.001492537 
   1.22630328998942    1.24631534614397     1.2495921835992    1.26692006441255 
        0.001492537         0.001492537         0.001492537         0.001492537 
    1.3490495693577    1.37754531619945    1.38596319372822    1.39484458699622 
        0.001492537         0.001492537         0.001492537         0.001492537 
   1.44762913293539    1.44929074335737     1.4810769841264    1.50401554712999 
        0.001492537         0.001492537         0.001492537         0.001492537 
   1.50855034252062    1.53041329884148    1.53594166043282    1.56884413984126 
        0.001492537         0.001492537         0.001492537         0.001492537 
   1.64326708871098    1.67700836083957    1.71001162991937    1.72096082749635 
        0.001492537         0.001492537         0.001492537         0.001492537 
   1.75892167642146    1.78463675417847    1.78839657999353    1.81679300361259 
        0.001492537         0.001492537         0.001492537         0.001492537 
   1.81771589675943    1.86322487410969    1.87435667963735    1.88678611613901 
        0.001492537         0.001492537         0.001492537         0.001492537 
   1.89656615860123    1.93460771046711    1.98671982520802    1.99434454938945 
        0.001492537         0.001492537         0.001492537         0.001492537 
                  2    2.06372243184445    2.08974167970904    2.13057480411042 
        0.077611940         0.001492537         0.001492537         0.001492537 
   2.16231230215661    2.25654758110702    2.29284314366809    2.32852655974426 
        0.001492537         0.001492537         0.001492537         0.001492537 
   2.43549917422189    2.50528402082963    2.57119374888245     2.5774130250025 
        0.001492537         0.001492537         0.001492537         0.001492537 
    2.5905981162318    2.70448253689345    2.76893486953823    2.78011569573344 
        0.001492537         0.001492537         0.001492537         0.001492537 
   2.83111250920795    2.92622042160215                   3                   4 
        0.001492537         0.001492537         0.035820896         0.007462687 
                  5                   6 
        0.002985075         0.002985075 

  Parameters of node tt (multinomial distribution)

Conditional probability table:
                  0 0.0187277953261716 0.0208972157205987 0.0296259095176638 
       0.295522388        0.001492537        0.001492537        0.001492537 
0.0300673011420465 0.0338312383701789 0.0517169206993842 0.0566069419304974 
       0.001492537        0.001492537        0.001492537        0.001492537 
0.0830037940112989  0.114348965020807  0.116678521925811  0.125643320362653 
       0.001492537        0.001492537        0.001492537        0.001492537 
 0.128465279896204  0.132088818415924  0.142545578269601  0.147839620673888 
       0.001492537        0.001492537        0.001492537        0.001492537 
 0.149426318084042  0.151824614794652  0.163668911451034  0.172792729324549 
       0.001492537        0.001492537        0.001492537        0.001492537 
 0.173908700488315  0.179483359418086  0.187787311503357  0.188719957194556 
       0.001492537        0.001492537        0.001492537        0.001492537 
 0.204587981997589  0.223333888338669   0.22645934024143  0.234793350579261 
       0.001492537        0.001492537        0.001492537        0.001492537 
 0.238753277462431  0.259794112729842  0.259815244933628  0.289988370080626 
       0.001492537        0.001492537        0.001492537        0.001492537 
 0.295724939678351  0.315095920754498  0.322991639160434  0.332402539496826 
       0.001492537        0.001492537        0.001492537        0.001492537 
 0.343539403348483  0.348868280375169  0.349141971682888   0.36923565357818 
       0.001492537        0.001492537        0.001492537        0.001492537 
 0.371096612357202  0.373891725626362  0.374186993093181  0.375112910531368 
       0.001492537        0.001492537        0.001492537        0.001492537 
  0.37822665541336  0.379408000661436  0.393906813494554  0.394101858075081 
       0.001492537        0.001492537        0.001492537        0.001492537 
 0.397401706728291   0.42193861572419  0.431155860158742  0.451618299661104 
       0.001492537        0.001492537        0.001492537        0.001492537 
 0.462130260923532  0.468138784077777  0.479756884316793  0.483668862404821 
       0.001492537        0.001492537        0.001492537        0.001492537 
 0.484593417610062  0.496669437493541  0.510667678056697  0.516078488989699 
       0.001492537        0.001492537        0.001492537        0.001492537 
 0.528275329319577   0.53384012882511  0.535941660432821   0.57970460503135 
       0.001492537        0.001492537        0.001492537        0.001492537 
 0.582760807381904  0.585086538158074  0.607681622910764  0.610338376171154 
       0.001492537        0.001492537        0.001492537        0.001492537 
 0.619337375816871  0.624239460657848   0.62464468112489  0.635284813859803 
       0.001492537        0.001492537        0.001492537        0.001492537 
 0.637074055693492  0.688772658099724  0.688906425168246  0.697950962645036 
       0.001492537        0.001492537        0.001492537        0.001492537 
 0.698099138715397  0.712670556520926  0.724155740787163   0.72513053774136 
       0.001492537        0.001492537        0.001492537        0.001492537 
 0.725804893830553  0.730027275475988  0.730237975217026  0.744594048112286 
       0.001492537        0.001492537        0.001492537        0.001492537 
 0.750407816400795  0.789689173992447  0.803476140090886  0.809270412270486 
       0.001492537        0.001492537        0.001492537        0.001492537 
 0.847230585081178  0.857073717338456  0.860756962114593  0.863730914681069 
       0.001492537        0.001492537        0.001492537        0.001492537 
 0.868028653458186  0.869677962544634  0.881810039621589  0.889616371986803 
       0.001492537        0.001492537        0.001492537        0.001492537 
 0.895258265870777  0.895962796485554  0.897254671022165  0.902330208163519 
       0.001492537        0.001492537        0.001492537        0.001492537 
 0.908396501806296  0.917590261395388  0.939079709664641  0.951429263431403 
       0.001492537        0.001492537        0.001492537        0.001492537 
 0.972827411125527  0.985766353211432  0.989457146845313  0.990825814226637 
       0.001492537        0.001492537        0.001492537        0.001492537 
                 1    1.0105991280293   1.01095207206352   1.02348840088345 
       0.225373134        0.001492537        0.001492537        0.001492537 
  1.03885182431908   1.10284996101774   1.10580796725968   1.12900165155623 
       0.001492537        0.001492537        0.001492537        0.001492537 
  1.14880006681765   1.15482605000499   1.15600467459776    1.1611727590118 
       0.001492537        0.001492537        0.001492537        0.001492537 
  1.16281879621873   1.17711926265757   1.18119623246359   1.20275075368446 
       0.001492537        0.001492537        0.001492537        0.001492537 
  1.21687228705694   1.23758570617346   1.26317719350168   1.28653417742197 
       0.001492537        0.001492537        0.001492537        0.001492537 
  1.31327297799801   1.34218901266537   1.36695985241392   1.39928586202044 
       0.001492537        0.001492537        0.001492537        0.001492537 
  1.40549615854805   1.41377347577358   1.42547648139718   1.44612879020847 
       0.001492537        0.001492537        0.001492537        0.001492537 
  1.46286065613724   1.50165840476957   1.51758027487996    1.5176082908417 
       0.001492537        0.001492537        0.001492537        0.001492537 
  1.54508234613733   1.54914219489636   1.55080356684459   1.56379224682317 
       0.001492537        0.001492537        0.001492537        0.001492537 
  1.58479528779963   1.59023382782036   1.59082608023242   1.59859536960988 
       0.001492537        0.001492537        0.001492537        0.001492537 
  1.60830238402132   1.61671957886684   1.62137107052876     1.629700443011 
       0.001492537        0.001492537        0.001492537        0.001492537 
  1.69351673118247   1.70652494080634   1.72096082749635   1.72464537167869 
       0.001492537        0.001492537        0.001492537        0.001492537 
  1.72912916777422   1.74053859469395   1.74682318427984   1.75347737536789 
       0.001492537        0.001492537        0.001492537        0.001492537 
   1.7654358194866   1.77514601584895   1.77996115051865    1.7930370121603 
       0.001492537        0.001492537        0.001492537        0.001492537 
  1.79975390745907   1.82696511273182   1.82843998637587   1.83438238903309 
       0.001492537        0.001492537        0.001492537        0.001492537 
  1.83494205372151   1.84345352565219   1.84855504057828   1.86839705058848 
       0.001492537        0.001492537        0.001492537        0.001492537 
   1.8824049086713   1.89953783121481   1.91555625460397   1.92086826680023 
       0.001492537        0.001492537        0.001492537        0.001492537 
  1.94560351548778   1.98671982520802   1.99434454938945                  2 
       0.001492537        0.001492537        0.001492537        0.164179104 
   2.1439258566177   2.49369232804213   2.59245768006294    2.7546485251631 
       0.001492537        0.001492537        0.001492537        0.001492537 
                 3                  4                  5 
       0.031343284        0.010447761        0.002985075 

  Parameters of node pt (multinomial distribution)

Conditional probability table:
                  0 0.0169156191850894 0.0275278318091363 0.0284672935771362 
       0.213432836        0.001492537        0.001492537        0.001492537 
0.0300673011420465 0.0454540369501127 0.0543451777489463 0.0543964845122187 
       0.001492537        0.001492537        0.001492537        0.001492537 
0.0732947680888545 0.0751818985618926 0.0782732371739058 0.0844437453960274 
       0.001492537        0.001492537        0.001492537        0.001492537 
0.0863963646622746 0.0887036046710289 0.0944407803069029  0.110019424740676 
       0.001492537        0.001492537        0.001492537        0.001492537 
 0.117595091328704  0.129730702653023  0.147559156795695  0.158263466399549 
       0.001492537        0.001492537        0.001492537        0.001492537 
 0.175479463117773  0.184592479563842   0.18461782678909  0.202757400777727 
       0.001492537        0.001492537        0.001492537        0.001492537 
  0.22645934024143  0.246315346143965  0.253176815720157  0.272538170637862 
       0.001492537        0.001492537        0.001492537        0.001492537 
 0.302889918843439  0.342013371344425  0.353502647635984  0.362902446915276 
       0.001492537        0.001492537        0.001492537        0.001492537 
 0.375112910531368  0.385963193728219  0.389661623828846  0.413692774526181 
       0.001492537        0.001492537        0.001492537        0.001492537 
 0.422586974997504  0.430536456905448  0.433360424463983  0.436207753176826 
       0.001492537        0.001492537        0.001492537        0.001492537 
 0.454917653862671  0.482455089962349  0.490862433927537  0.504015547129989 
       0.001492537        0.001492537        0.001492537        0.001492537 
 0.506640087395988  0.523733235581033  0.578002337298882  0.613239151342557 
       0.001492537        0.001492537        0.001492537        0.001492537 
 0.621371070528759  0.624796091799602  0.656636488999004  0.706524940806343 
       0.001492537        0.001492537        0.001492537        0.001492537 
 0.712738240698591   0.71543701584464  0.734238896757996  0.739316903468883 
       0.001492537        0.001492537        0.001492537        0.001492537 
 0.761403311572234  0.779628279324367  0.793037012160301  0.818803767536405 
       0.001492537        0.001492537        0.001492537        0.001492537 
 0.838504180419783  0.840590789937299  0.848175385205348  0.870092377533186 
       0.001492537        0.001492537        0.001492537        0.001492537 
 0.877894129924159  0.882717909743301  0.897150038982261  0.903236599322209 
       0.001492537        0.001492537        0.001492537        0.001492537 
 0.912959738885471  0.988810542204013  0.989431958340733  0.990825814226637 
       0.001492537        0.001492537        0.001492537        0.001492537 
 0.996683190460856                  1   1.01054285315469    1.0208972157206 
       0.001492537        0.329850746        0.001492537        0.001492537 
  1.04048623136641   1.06421640540323   1.06599443708487   1.06948545686535 
       0.001492537        0.001492537        0.001492537        0.001492537 
  1.07471315904202   1.07942580823576   1.10012304627047   1.11242699207553 
       0.001492537        0.001492537        0.001492537        0.001492537 
  1.13924303788541   1.15038513995638   1.15324163440877   1.15450347890464 
       0.001492537        0.001492537        0.001492537        0.001492537 
  1.17245304845284    1.1890076829039   1.19072958772951   1.19615754336518 
       0.001492537        0.001492537        0.001492537        0.001492537 
  1.20142827595912   1.22875903645019   1.23479335057926   1.24370238020713 
       0.001492537        0.001492537        0.001492537        0.001492537 
  1.24760161794661   1.26608029517216   1.26811280374229    1.2748666825405 
       0.001492537        0.001492537        0.001492537        0.001492537 
  1.29633138590749   1.31109357483175   1.34294688051147   1.34850066627208 
       0.001492537        0.001492537        0.001492537        0.001492537 
  1.37418699309318   1.37535531887511   1.37576053934215   1.39231837708924 
       0.001492537        0.001492537        0.001492537        0.001492537 
  1.41431371266382   1.43401432672909   1.44666777667734   1.46021671998774 
       0.001492537        0.001492537        0.001492537        0.001492537 
  1.48241972512004   1.50529956401465   1.53186121592222   1.53523357205189 
       0.001492537        0.001492537        0.001492537        0.001492537 
  1.54646986155827   1.56726240274027   1.56884413984126   1.60609318650545 
       0.001492537        0.001492537        0.001492537        0.001492537 
  1.60725798359259    1.6102104895566   1.62177334458664   1.62610827437364 
       0.001492537        0.001492537        0.001492537        0.001492537 
    1.630191841509   1.65278661935045   1.65531563727162   1.66759746050317 
       0.001492537        0.001492537        0.001492537        0.001492537 
  1.67537539568678   1.68877265809972   1.69795096264504   1.71001162991937 
       0.001492537        0.001492537        0.001492537        0.001492537 
  1.72096082749635   1.72464537167869   1.76124672253757   1.82051664058191 
       0.001492537        0.001492537        0.001492537        0.001492537 
   1.8715347201038   1.87435667963735   1.87815941932928   1.88332147807419 
       0.001492537        0.001492537        0.001492537        0.001492537 
  1.88678611613901   1.89031145247034   1.89419203274032   1.89419828999677 
       0.001492537        0.001492537        0.001492537        0.001492537 
   1.9083965018063   1.93460771046711   1.98127220467383   1.99333887498708 
       0.001492537        0.001492537        0.001492537        0.001492537 
  1.99434454938945                  2   2.16366891145103    2.2520548018217 
       0.001492537        0.155223881        0.001492537        0.001492537 
  2.39410185807508   2.50862274083253    2.5160784889897   2.55720022981807 
       0.001492537        0.001492537        0.001492537        0.001492537 
   2.6352848138598   2.69446117016236   2.72415574078716   2.72513053774136 
       0.001492537        0.001492537        0.001492537        0.001492537 
                 3                  4                  5                  6 
       0.059701493        0.002985075        0.002985075        0.001492537 

  Parameters of node game_score (multinomial distribution)

Conditional probability table:
                  0 0.0109520720635221 0.0169156191850894 0.0208972157205987 
       0.298507463        0.001492537        0.001492537        0.001492537 
0.0234884008834537 0.0284672935771362 0.0296259095176638 0.0300673011420465 
       0.001492537        0.001492537        0.001492537        0.001492537 
0.0415018970056494 0.0543451777489463 0.0712727891348006  0.079425808235756 
       0.001492537        0.001492537        0.001492537        0.001492537 
0.0863963646622746 0.0869543502441574 0.0926001885763034 0.0932550985558001 
       0.001492537        0.001492537        0.001492537        0.001492537 
 0.102800899167576  0.114348965020807  0.129907622466814  0.132088818415924 
       0.001492537        0.001492537        0.001492537        0.001492537 
 0.147862469839176  0.148800066817649  0.150385139956383  0.162818796218731 
       0.001492537        0.001492537        0.001492537        0.001492537 
  0.18461782678909  0.188719957194556  0.196157543365183  0.202750753684461 
       0.001492537        0.001492537        0.001492537        0.001492537 
 0.216872287056938  0.228759036450192  0.237585706173462  0.247601617946612 
       0.001492537        0.001492537        0.001492537        0.001492537 
 0.264137664659788  0.268112803742287  0.272538170637862  0.272578995218056 
       0.001492537        0.001492537        0.001492537        0.001492537 
 0.327337822902068  0.349141971682888  0.354065657466905  0.362902446915276 
       0.001492537        0.001492537        0.001492537        0.001492537 
 0.373891725626362  0.374186993093181  0.397401706728291   0.42029539496865 
       0.001492537        0.001492537        0.001492537        0.001492537 
 0.430121026892945  0.446128790208468  0.446667776677338  0.451618299661104 
       0.001492537        0.001492537        0.001492537        0.001492537 
 0.460216719987736  0.460489398991186  0.462860656137241  0.484593417610062 
       0.001492537        0.001492537        0.001492537        0.001492537 
 0.492062539524248   0.49263069228793  0.517608290841704  0.529573075330508 
       0.001492537        0.001492537        0.001492537        0.001492537 
 0.539524049565948  0.549142194896358   0.55080356684459  0.578002337298882 
       0.001492537        0.001492537        0.001492537        0.001492537 
 0.584795287799629  0.585086538158074  0.588559631328785  0.590233827820363 
       0.001492537        0.001492537        0.001492537        0.001492537 
 0.590826080232423  0.598595369609878  0.621371070528759  0.630191841508995 
       0.001492537        0.001492537        0.001492537        0.001492537 
  0.65531563727162  0.656636488999004  0.671094506332686  0.688906425168246 
       0.001492537        0.001492537        0.001492537        0.001492537 
 0.706524940806343  0.712738240698591  0.729129167774219    0.7301031392016 
       0.001492537        0.001492537        0.001492537        0.001492537 
  0.74388254294781  0.753477375367887  0.771926387456439  0.788203716150161 
       0.001492537        0.001492537        0.001492537        0.001492537 
 0.793037012160301   0.80415119201066  0.814850221505501  0.826965112731824 
       0.001492537        0.001492537        0.001492537        0.001492537 
 0.834382389033088  0.882717909743301  0.902748380017012  0.912959738885471 
       0.001492537        0.001492537        0.001492537        0.001492537 
 0.921726762826094  0.934198525294239  0.939079709664641  0.951429263431403 
       0.001492537        0.001492537        0.001492537        0.001492537 
 0.993338874987083                  1   1.00803109425998   1.01054285315469 
       0.001492537        0.250746269        0.001492537        0.001492537 
  1.02719824225611   1.03031320885645   1.04048623136641   1.05879754566435 
       0.001492537        0.001492537        0.001492537        0.001492537 
  1.06599443708487   1.10012304627047   1.10284996101774   1.11001942474068 
       0.001492537        0.001492537        0.001492537        0.001492537 
  1.11242699207553   1.11315164499471   1.11812397533861   1.12973070265302 
       0.001492537        0.001492537        0.001492537        0.001492537 
  1.13784234687849   1.14578356781852   1.15148812302741   1.15324163440877 
       0.001492537        0.001492537        0.001492537        0.001492537 
  1.15450347890464   1.17443414018758   1.19422652148858   1.19967425484866 
       0.001492537        0.001492537        0.001492537        0.001492537 
  1.21810387658841   1.22037172067563   1.24370238020713    1.2520548018217 
       0.001492537        0.001492537        0.001492537        0.001492537 
  1.26692006441255   1.30204903735496   1.32462565115788    1.3490495693577 
       0.001492537        0.001492537        0.001492537        0.001492537 
  1.36841140324916   1.37754531619945   1.39014460214555   1.39231837708924 
       0.001492537        0.001492537        0.001492537        0.001492537 
  1.39484458699622   1.44762913293539   1.44831148157433   1.49335991260401 
       0.001492537        0.001492537        0.001492537        0.001492537 
  1.49369232804213   1.50855034252062    1.5160784889897   1.53186121592222 
       0.001492537        0.001492537        0.001492537        0.001492537 
  1.53594166043282   1.54120486930231   1.54646986155827   1.56726240274027 
       0.001492537        0.001492537        0.001492537        0.001492537 
  1.56884413984126   1.58630722547382    1.6247960917996    1.6352848138598 
       0.001492537        0.001492537        0.001492537        0.001492537 
  1.64326708871098   1.69446117016236   1.71001162991937   1.72096082749635 
       0.001492537        0.001492537        0.001492537        0.001492537 
  1.72464537167869   1.72513053774136   1.76520664942074   1.81679300361259 
       0.001492537        0.001492537        0.001492537        0.001492537 
  1.83850418041978   1.86322487410969   1.87435667963735   1.88678611613901 
       0.001492537        0.001492537        0.001492537        0.001492537 
  1.89419828999677   1.89656615860123   1.90885794837971   1.91555625460397 
       0.001492537        0.001492537        0.001492537        0.001492537 
  1.92670523191115   1.93460771046711   1.99434454938945                  2 
       0.001492537        0.001492537        0.001492537        0.161194030 
                 3                  4                  5 
       0.035820896        0.011940299        0.001492537 

  Parameters of node op1 (conditional Gaussian distribution)

Conditional density: op1 | estado
Coefficients:
                     0          1
(Intercept)  0.5462687  0.4388060
Standard deviation of the residuals:
        0          1  
0.4985993  0.4969835  
Discrete parents' configurations:
   estado
0       0
1       1

  Parameters of node op2 (conditional Gaussian distribution)

Conditional density: op2 | op1 + op3 + op6 + sv4 + sv5 + sv6 + programa + estado
Coefficients:
                       0            1
(Intercept)   0.16496454   0.73866922
op1           0.15314595  -0.04542819
op3          -0.02463797  -0.17365950
op6          -0.05908736   0.40332704
sv4          -0.00586012  -0.17846705
sv5           0.10580787   0.58879003
sv6           0.29719167  -0.22868021
programa      0.04149626  -0.07926658
Standard deviation of the residuals:
        0          1  
0.4381159  0.3850009  
Discrete parents' configurations:
   estado
0       0
1       1

  Parameters of node op3 (conditional Gaussian distribution)

Conditional density: op3 | op1 + op5 + op6 + sv4 + sv5 + sv6 + estado
Coefficients:
                        0             1
(Intercept)  -0.015533735  -0.032417983
op1           0.003253528  -0.157040280
op5           0.297596985   0.167891462
op6           0.092407046   0.080914343
sv4           0.091301911   0.164768894
sv5           0.184489696   0.113748154
sv6           0.030297399   0.203041047
Standard deviation of the residuals:
        0          1  
0.4484384  0.3918134  
Discrete parents' configurations:
   estado
0       0
1       1

  Parameters of node op4 (conditional Gaussian distribution)

Conditional density: op4 | op1 + op5 + sv5 + sv6 + estado
Coefficients:
                       0            1
(Intercept)   0.21033221   0.11201566
op1           0.04974071   0.22360502
op5           0.23855476   0.54999303
sv5           0.04979262   0.23502092
sv6           0.10773617  -0.13520951
Standard deviation of the residuals:
        0          1  
0.4803925  0.4374954  
Discrete parents' configurations:
   estado
0       0
1       1

  Parameters of node op5 (conditional Gaussian distribution)

Conditional density: op5 | op1 + op6 + sv5 + estado
Coefficients:
                       0            1
(Intercept)  -0.06035854   0.04122140
op1           0.09328890  -0.13324541
op6           0.09476694   0.26349518
sv5           0.41356678   0.10123241
Standard deviation of the residuals:
        0          1  
0.4634024  0.3103438  
Discrete parents' configurations:
   estado
0       0
1       1

  Parameters of node op6 (conditional Gaussian distribution)

Conditional density: op6 | op1 + estado
Coefficients:
                       0            1
(Intercept)   0.42105263   0.45744681
op1           0.09260857  -0.30778694
Standard deviation of the residuals:
        0          1  
0.4985519  0.4430547  
Discrete parents' configurations:
   estado
0       0
1       1

  Parameters of node sv1 (Gaussian distribution)

Conditional density: sv1 | op1 + sv2 + sv6 + score_d + programa
Coefficients:
 (Intercept)           op1           sv2           sv6       score_d  
 0.957599253   0.024955360   0.052329904   0.035990128  -0.010096980  
    programa  
-0.009900518  
Standard deviation of the residuals: 0.09863557 

  Parameters of node sv2 (conditional Gaussian distribution)

Conditional density: sv2 | op1 + op2 + op3 + op4 + op6 + sv5 + sv6 + score_p + score_d + estado
Coefficients:
                         0              1
(Intercept)   0.6476393491   0.9294168105
op1           0.0228911427   0.1097561808
op2           0.1373174434   0.2609491014
op3           0.0544227305   0.0707351629
op4          -0.0447945304  -0.1396259083
op6           0.0089815751   0.0988021799
sv5           0.1180570837  -0.0143309055
sv6           0.0681746864  -0.0012393622
score_p       0.0002843985  -0.0489285084
score_d       0.0137242195  -0.0591221830
Standard deviation of the residuals:
        0          1  
0.1960111  0.2277194  
Discrete parents' configurations:
   estado
0       0
1       1

  Parameters of node sv3 (conditional Gaussian distribution)

Conditional density: sv3 | op1 + op2 + op5 + op6 + sv2 + sv4 + sv5 + score + score_p + score_d + score_s + programa + estado
Coefficients:
                       0            1
(Intercept)  -0.03542574  -0.82231490
op1           0.00813167  -0.31355118
op2          -0.07192024  -0.33591979
op5           0.29400786   0.27842078
op6           0.10239151   0.19229595
sv2           0.29052281   0.12872288
sv4           0.12056222   0.24023066
sv5           0.16270232   0.29435577
score         0.03210487   0.18196376
score_p      -0.06460831  -0.21424283
score_d      -0.03492047  -0.10686758
score_s      -0.01565881   0.07948579
programa     -0.02436113   0.10284324
Standard deviation of the residuals:
        0          1  
0.4458361  0.3618057  
Discrete parents' configurations:
   estado
0       0
1       1

  Parameters of node sv4 (conditional Gaussian distribution)

Conditional density: sv4 | op1 + op4 + op5 + sv5 + sv6 + estado
Coefficients:
                       0            1
(Intercept)   0.34345799   0.31998640
op1          -0.01652488  -0.14340405
op4           0.37673950   0.33601318
op5           0.11334193  -0.10522326
sv5           0.15143322   0.38394093
sv6           0.10537676   0.14949412
Standard deviation of the residuals:
        0          1  
0.3529510  0.3139324  
Discrete parents' configurations:
   estado
0       0
1       1

  Parameters of node sv5 (conditional Gaussian distribution)

Conditional density: sv5 | sv6 + estado
Coefficients:
                     0          1
(Intercept)  0.7297297  0.4105263
sv6          0.1859791  0.5103070
Standard deviation of the residuals:
        0          1  
0.3229936  0.3486797  
Discrete parents' configurations:
   estado
0       0
1       1

  Parameters of node sv6 (Gaussian distribution)

Conditional density: sv6 | op6
Coefficients:
(Intercept)          op6  
  0.5816832    0.4183168  
Standard deviation of the residuals: 0.3836175 

  Parameters of node score (conditional Gaussian distribution)

Conditional density: score | op1 + op2 + op3 + op4 + op5 + op6 + sv4 + sv6 + programa + estado
Coefficients:
                       0            1
(Intercept)   7.86944026   5.48201332
op1           0.12994929   0.94308037
op2          -0.08242153   0.89946115
op3          -0.21226349   0.52364680
op4          -0.18050594  -0.38397106
op5           0.02598627  -0.87969848
op6           0.30793480   0.44122779
sv4           0.88899648  -1.04523524
sv6          -0.21293470   1.85013427
programa     -0.29794333  -0.33394891
Standard deviation of the residuals:
       0         1  
2.123678  1.316017  
Discrete parents' configurations:
   estado
0       0
1       1

  Parameters of node score_a (conditional Gaussian distribution)

Conditional density: score_a | op1 + sv5 + score + score_p + score_d + programa + estado
Coefficients:
                       0            1
(Intercept)  -0.58803371  -0.39038164
op1           0.04294466   0.24678196
sv5           0.18217704  -0.06130881
score         1.04953610   0.85075093
score_p      -0.69260972  -0.43342241
score_d      -0.24294606  -0.16206349
programa      0.03080911   0.09196060
Standard deviation of the residuals:
        0          1  
0.5422081  0.4999583  
Discrete parents' configurations:
   estado
0       0
1       1

  Parameters of node score_p (conditional Gaussian distribution)

Conditional density: score_p | op1 + op2 + op3 + op5 + op6 + sv4 + sv5 + sv6 + score + programa + estado
Coefficients:
                       0            1
(Intercept)   0.36519271  -1.22812562
op1           0.05788405  -0.63181005
op2           0.17315250  -0.40032910
op3          -0.12481890  -0.36055914
op5           0.05327073   0.39830143
op6           0.31769749   0.14727156
sv4           0.18243253   0.43272208
sv5           0.09748268   0.49752182
sv6          -0.40549544  -0.06996919
score         0.46064321   0.56715662
programa     -0.14468745   0.08822112
Standard deviation of the residuals:
        0          1  
0.8091098  0.4937741  
Discrete parents' configurations:
   estado
0       0
1       1

  Parameters of node score_d (conditional Gaussian distribution)

Conditional density: score_d | op1 + op2 + op4 + op5 + score + score_p + programa + estado
Coefficients:
                       0            1
(Intercept)  -0.16101916  -0.70619195
op1           0.09790862   0.25874929
op2           0.06702110  -0.19225411
op4           0.01659784  -0.25415267
op5           0.02591541   0.34452286
score         0.64223114   0.53439299
score_p      -0.66182407  -0.36774729
programa     -0.04829045   0.05759724
Standard deviation of the residuals:
        0          1  
0.5760882  0.4712176  
Discrete parents' configurations:
   estado
0       0
1       1

  Parameters of node score_s (conditional Gaussian distribution)

Conditional density: score_s | op1 + op4 + sv2 + sv5 + sv6 + score + score_a + score_p + score_d + estado
Coefficients:
                         0              1
(Intercept)   0.1319001770  -0.1452187377
op1           0.0814030662   0.1139715148
op4           0.1513920301  -0.0257008987
sv2          -0.0547859887   0.3483731262
sv5           0.0890261983   0.2874183284
sv6           0.0541554337  -0.3441643500
score         0.7006135241   0.2383950463
score_a      -0.3302921253   0.0009015046
score_p      -0.5504513270  -0.1057407746
score_d       0.0694182914   0.4179616757
Standard deviation of the residuals:
        0          1  
0.5625019  0.5163233  
Discrete parents' configurations:
   estado
0       0
1       1

  Parameters of node programa (conditional Gaussian distribution)

Conditional density: programa | op3 + op4 + op5 + op6 + estado
Coefficients:
                       0            1
(Intercept)   4.03776644   3.20861088
op3          -0.08678487   0.32555580
op4           0.04522015   0.51808238
op5          -0.12603990  -0.25498998
op6           0.16369369  -0.32894740
Standard deviation of the residuals:
        0          1  
0.9761103  0.7228069  
Discrete parents' configurations:
   estado
0       0
1       1

  Parameters of node sol1 (multinomial distribution)

Conditional probability table:
                 0 0.122105870075841 0.161495819580217 0.179483359418086 
      0.047761194       0.001492537       0.001492537       0.001492537 
0.205699922035478 0.298852636168083  0.36695985241392 0.375203908200398 
      0.001492537       0.001492537       0.001492537       0.001492537 
0.399285862020439 0.405496158548052 0.413773475773579 0.440743441351267 
      0.001492537       0.001492537       0.001492537       0.001492537 
0.490702949673799 0.501658404769572 0.506307671957866 0.815084639874127 
      0.001492537       0.001492537       0.001492537       0.001492537 
0.848555040578281 0.870269297346977 0.889980575259324 0.920868266800226 
      0.001492537       0.001492537       0.001492537       0.001492537 
0.924818101438107                 1  1.15482605000499  1.17261445094764 
      0.001492537       0.004477612       0.001492537       0.001492537 
 1.18119623246359  1.23481971152172   1.7121482867646  1.73605730691637 
      0.001492537       0.001492537       0.001492537       0.001492537 
 1.83111250920795  1.85341046382229                 2  2.02119825605861 
      0.001492537       0.001492537       0.001492537       0.001492537 
 2.14755915679569  2.50325202762728  2.62654595599602  2.98943195834073 
      0.001492537       0.001492537       0.001492537       0.001492537 
                3  3.34294688051147  3.41431371266382  3.61027713259956 
      0.002985075       0.001492537       0.001492537       0.001492537 
 3.67537539568678  3.91641113711761                 4  4.00349101089673 
      0.001492537       0.001492537       0.032835821       0.001492537 
 4.09090807390023  4.11434896502081  4.13208881841592  4.13897091373071 
      0.001492537       0.001492537       0.001492537       0.001492537 
 4.17343047671574  4.18459247956384  4.18871995719456  4.22333388833867 
      0.001492537       0.001492537       0.001492537       0.001492537 
 4.22645934024143  4.26611081401309  4.27535462832131   4.3150959207545 
      0.001492537       0.001492537       0.001492537       0.001492537 
 4.34201337134443  4.48245508996235  4.48459341761006  4.52373323558103 
      0.001492537       0.001492537       0.001492537       0.001492537 
 4.55237086706461  4.58508653815807  4.60515541300378  4.61323915134256 
      0.001492537       0.001492537       0.001492537       0.001492537 
 4.61970470498455   4.6509504306423  4.68877265809972  4.69700133254416 
      0.001492537       0.001492537       0.001492537       0.001492537 
 4.71267055652093  4.73307993558744  4.74459404811229  4.77932324765769 
      0.001492537       0.001492537       0.001492537       0.001492537 
 4.81538217321091  4.82556585981242  4.88181003962159   4.8896163719868 
      0.001492537       0.001492537       0.001492537       0.001492537 
  4.9083965018063   4.9514292634314  4.98881054220401  4.99082581422664 
      0.001492537       0.001492537       0.001492537       0.001492537 
                5  5.03162855946406  5.13924303788541  5.14292628266154 
      0.047761194       0.001492537       0.001492537       0.001492537 
 5.14744173722702  5.15276941491882  5.20275740077773  5.24561413660111 
      0.001492537       0.001492537       0.001492537       0.001492537 
 5.25611745705219  5.26392098657938  5.27486946225864  5.27584425921284 
      0.001492537       0.001492537       0.001492537       0.001492537 
  5.3082359869335  5.31109357483175  5.33945493498413  5.34468436272838 
      0.001492537       0.001492537       0.001492537       0.001492537 
 5.35350264763598  5.36290244691528   5.3647151861402  5.37535531887511 
      0.001492537       0.001492537       0.001492537       0.001492537 
 5.37576053934215  5.38066262418313  5.43053645690545  5.46405833956718 
      0.001492537       0.001492537       0.001492537       0.001492537 
 5.47258730178261   5.4839215110103   5.4893323219433  5.50333056250646 
      0.001492537       0.001492537       0.001492537       0.001492537 
 5.56987897310706  5.57806138427581  5.58277414773105  5.60259829327171 
      0.001492537       0.001492537       0.001492537       0.001492537 
 5.60589814192492  5.60609318650545  5.62610827437364   5.6289033876428 
      0.001492537       0.001492537       0.001492537       0.001492537 
 5.64774070312053  5.66759746050317  5.72742100478194  5.73894603843189 
      0.001492537       0.001492537       0.001492537       0.001492537 
 5.75022582106274  5.77124096354981  5.80150754257571  5.80384245663482 
      0.001492537       0.001492537       0.001492537       0.001492537 
 5.81438183074318  5.83633108854897   5.8715347201038   5.8827179097433 
      0.001492537       0.001492537       0.001492537       0.001492537 
 5.88332147807419  5.92057419176424  5.97037409048234  5.98127220467383 
      0.001492537       0.001492537       0.001492537       0.001492537 
                6  6.06062641771291  6.11812397533861  6.15788958118466 
      0.092537313       0.001492537       0.001492537       0.001492537 
 6.17457098584144  6.17695513126771  6.19967425484866  6.23859668842777 
      0.001492537       0.001492537       0.001492537       0.001492537 
 6.28653417742196  6.28724288147961   6.3036492295893  6.34353940334848 
      0.001492537       0.001492537       0.001492537       0.001492537 
 6.37940800066144  6.39014460214555  6.42386453313236  6.44192165499271 
      0.001492537       0.001492537       0.001492537       0.001492537 
 6.48366886240482  6.51204664138997  6.52957307533051  6.56663957553602 
      0.001492537       0.001492537       0.001492537       0.001492537 
  6.5827608073819  6.59558364776667  6.63707405569349  6.64228149207768 
      0.001492537       0.001492537       0.001492537       0.001492537 
 6.80347614009089  6.82452053688223  6.85119993318235  6.90233020816352 
      0.001492537       0.001492537       0.001492537       0.001492537 
 6.98623608409543   6.9886890987789                 7  7.01710068504124 
      0.001492537       0.001492537       0.080597015       0.001492537 
 7.02190414412704  7.14578356781852  7.14783962067389   7.1594092100627 
      0.001492537       0.001492537       0.001492537       0.001492537 
 7.18228410324057  7.21160342000647  7.22061766181047  7.26413766465979 
      0.001492537       0.001492537       0.001492537       0.001492537 
 7.26976202478297  7.43549917422189  7.54508234613733  7.56599558573736 
      0.001492537       0.001492537       0.001492537       0.001492537 
 7.62307003891204  7.63624715379373  7.74682318427984  7.76893486953823 
      0.001492537       0.001492537       0.001492537       0.001492537 
 7.86322487410968  7.86547519451947  7.86967796254463  7.90706027688346 
      0.001492537       0.001492537       0.001492537       0.001492537 
 7.94828307930062                 8  8.18165216046485  8.35074869768423 
      0.001492537       0.177611940       0.001492537       0.001492537 
  8.4445506645165  8.45879513069769  8.51259523958573  8.61154695702284 
      0.001492537       0.001492537       0.001492537       0.001492537 
 8.66876477806618  8.69702375394518  8.70652494080634  8.72431530624301 
      0.001492537       0.001492537       0.001492537       0.001492537 
 8.76271541555284  8.86801112583026  8.89300517420346                 9 
      0.001492537       0.001492537       0.001492537       0.228358209 

  Parameters of node estado (multinomial distribution)

Conditional probability table:
 
      sol1
estado          0 0.122105870075841 0.161495819580217 0.179483359418086
     0 0.00000000        0.00000000        0.00000000        0.00000000
     1 1.00000000        1.00000000        1.00000000        1.00000000
      sol1
estado 0.205699922035478 0.298852636168083 0.36695985241392 0.375203908200398
     0        0.00000000        0.00000000       0.00000000        0.00000000
     1        1.00000000        1.00000000       1.00000000        1.00000000
      sol1
estado 0.399285862020439 0.405496158548052 0.413773475773579 0.440743441351267
     0        0.00000000        0.00000000        0.00000000        0.00000000
     1        1.00000000        1.00000000        1.00000000        1.00000000
      sol1
estado 0.490702949673799 0.501658404769572 0.506307671957866 0.815084639874127
     0        0.00000000        0.00000000        0.00000000        0.00000000
     1        1.00000000        1.00000000        1.00000000        1.00000000
      sol1
estado 0.848555040578281 0.870269297346977 0.889980575259324 0.920868266800226
     0        0.00000000        0.00000000        0.00000000        0.00000000
     1        1.00000000        1.00000000        1.00000000        1.00000000
      sol1
estado 0.924818101438107          1 1.15482605000499 1.17261445094764
     0        0.00000000 0.66666667       0.00000000       0.00000000
     1        1.00000000 0.33333333       1.00000000       1.00000000
      sol1
estado 1.18119623246359 1.23481971152172 1.7121482867646 1.73605730691637
     0       0.00000000       0.00000000      0.00000000       0.00000000
     1       1.00000000       1.00000000      1.00000000       1.00000000
      sol1
estado 1.83111250920795 1.85341046382229          2 2.02119825605861
     0       0.00000000       0.00000000 0.00000000       0.00000000
     1       1.00000000       1.00000000 1.00000000       1.00000000
      sol1
estado 2.14755915679569 2.50325202762728 2.62654595599602 2.98943195834073
     0       0.00000000       0.00000000       0.00000000       0.00000000
     1       1.00000000       1.00000000       1.00000000       1.00000000
      sol1
estado          3 3.34294688051147 3.41431371266382 3.61027713259956
     0 1.00000000       0.00000000       0.00000000       0.00000000
     1 0.00000000       1.00000000       1.00000000       1.00000000
      sol1
estado 3.67537539568678 3.91641113711761          4 4.00349101089673
     0       0.00000000       0.00000000 0.27272727       0.00000000
     1       1.00000000       1.00000000 0.72727273       1.00000000
      sol1
estado 4.09090807390023 4.11434896502081 4.13208881841592 4.13897091373071
     0       0.00000000       0.00000000       0.00000000       0.00000000
     1       1.00000000       1.00000000       1.00000000       1.00000000
      sol1
estado 4.17343047671574 4.18459247956384 4.18871995719456 4.22333388833867
     0       0.00000000       0.00000000       0.00000000       0.00000000
     1       1.00000000       1.00000000       1.00000000       1.00000000
      sol1
estado 4.22645934024143 4.26611081401309 4.27535462832131 4.3150959207545
     0       0.00000000       0.00000000       0.00000000      0.00000000
     1       1.00000000       1.00000000       1.00000000      1.00000000
      sol1
estado 4.34201337134443 4.48245508996235 4.48459341761006 4.52373323558103
     0       0.00000000       0.00000000       0.00000000       0.00000000
     1       1.00000000       1.00000000       1.00000000       1.00000000
      sol1
estado 4.55237086706461 4.58508653815807 4.60515541300378 4.61323915134256
     0       0.00000000       0.00000000       0.00000000       0.00000000
     1       1.00000000       1.00000000       1.00000000       1.00000000
      sol1
estado 4.61970470498455 4.6509504306423 4.68877265809972 4.69700133254416
     0       0.00000000      0.00000000       0.00000000       0.00000000
     1       1.00000000      1.00000000       1.00000000       1.00000000
      sol1
estado 4.71267055652093 4.73307993558744 4.74459404811229 4.77932324765769
     0       0.00000000       0.00000000       0.00000000       0.00000000
     1       1.00000000       1.00000000       1.00000000       1.00000000
      sol1
estado 4.81538217321091 4.82556585981242 4.88181003962159 4.8896163719868
     0       0.00000000       0.00000000       0.00000000      0.00000000
     1       1.00000000       1.00000000       1.00000000      1.00000000
      sol1
estado 4.9083965018063 4.9514292634314 4.98881054220401 4.99082581422664
     0      0.00000000      0.00000000       0.00000000       0.00000000
     1      1.00000000      1.00000000       1.00000000       1.00000000
      sol1
estado          5 5.03162855946406 5.13924303788541 5.14292628266154
     0 0.37500000       0.00000000       0.00000000       0.00000000
     1 0.62500000       1.00000000       1.00000000       1.00000000
      sol1
estado 5.14744173722702 5.15276941491882 5.20275740077773 5.24561413660111
     0       0.00000000       0.00000000       0.00000000       0.00000000
     1       1.00000000       1.00000000       1.00000000       1.00000000
      sol1
estado 5.25611745705219 5.26392098657938 5.27486946225864 5.27584425921284
     0       0.00000000       0.00000000       0.00000000       0.00000000
     1       1.00000000       1.00000000       1.00000000       1.00000000
      sol1
estado 5.3082359869335 5.31109357483175 5.33945493498413 5.34468436272838
     0      0.00000000       0.00000000       0.00000000       0.00000000
     1      1.00000000       1.00000000       1.00000000       1.00000000
      sol1
estado 5.35350264763598 5.36290244691528 5.3647151861402 5.37535531887511
     0       0.00000000       0.00000000      0.00000000       0.00000000
     1       1.00000000       1.00000000      1.00000000       1.00000000
      sol1
estado 5.37576053934215 5.38066262418313 5.43053645690545 5.46405833956718
     0       0.00000000       0.00000000       0.00000000       0.00000000
     1       1.00000000       1.00000000       1.00000000       1.00000000
      sol1
estado 5.47258730178261 5.4839215110103 5.4893323219433 5.50333056250646
     0       0.00000000      0.00000000      0.00000000       0.00000000
     1       1.00000000      1.00000000      1.00000000       1.00000000
      sol1
estado 5.56987897310706 5.57806138427581 5.58277414773105 5.60259829327171
     0       0.00000000       0.00000000       0.00000000       0.00000000
     1       1.00000000       1.00000000       1.00000000       1.00000000
      sol1
estado 5.60589814192492 5.60609318650545 5.62610827437364 5.6289033876428
     0       0.00000000       0.00000000       0.00000000      0.00000000
     1       1.00000000       1.00000000       1.00000000      1.00000000
      sol1
estado 5.64774070312053 5.66759746050317 5.72742100478194 5.73894603843189
     0       0.00000000       0.00000000       0.00000000       0.00000000
     1       1.00000000       1.00000000       1.00000000       1.00000000
      sol1
estado 5.75022582106274 5.77124096354981 5.80150754257571 5.80384245663482
     0       0.00000000       0.00000000       0.00000000       0.00000000
     1       1.00000000       1.00000000       1.00000000       1.00000000
      sol1
estado 5.81438183074318 5.83633108854897 5.8715347201038 5.8827179097433
     0       0.00000000       0.00000000      0.00000000      0.00000000
     1       1.00000000       1.00000000      1.00000000      1.00000000
      sol1
estado 5.88332147807419 5.92057419176424 5.97037409048234 5.98127220467383
     0       0.00000000       0.00000000       0.00000000       0.00000000
     1       1.00000000       1.00000000       1.00000000       1.00000000
      sol1
estado          6 6.06062641771291 6.11812397533861 6.15788958118466
     0 0.50000000       0.00000000       0.00000000       0.00000000
     1 0.50000000       1.00000000       1.00000000       1.00000000
      sol1
estado 6.17457098584144 6.17695513126771 6.19967425484866 6.23859668842777
     0       0.00000000       0.00000000       0.00000000       0.00000000
     1       1.00000000       1.00000000       1.00000000       1.00000000
      sol1
estado 6.28653417742196 6.28724288147961 6.3036492295893 6.34353940334848
     0       0.00000000       0.00000000      0.00000000       0.00000000
     1       1.00000000       1.00000000      1.00000000       1.00000000
      sol1
estado 6.37940800066144 6.39014460214555 6.42386453313236 6.44192165499271
     0       0.00000000       0.00000000       0.00000000       0.00000000
     1       1.00000000       1.00000000       1.00000000       1.00000000
      sol1
estado 6.48366886240482 6.51204664138997 6.52957307533051 6.56663957553602
     0       0.00000000       0.00000000       0.00000000       0.00000000
     1       1.00000000       1.00000000       1.00000000       1.00000000
      sol1
estado 6.5827608073819 6.59558364776667 6.63707405569349 6.64228149207768
     0      0.00000000       0.00000000       0.00000000       0.00000000
     1      1.00000000       1.00000000       1.00000000       1.00000000
      sol1
estado 6.80347614009089 6.82452053688223 6.85119993318235 6.90233020816352
     0       0.00000000       0.00000000       0.00000000       0.00000000
     1       1.00000000       1.00000000       1.00000000       1.00000000
      sol1
estado 6.98623608409543 6.9886890987789          7 7.01710068504124
     0       0.00000000      0.00000000 0.90740741       0.00000000
     1       1.00000000      1.00000000 0.09259259       1.00000000
      sol1
estado 7.02190414412704 7.14578356781852 7.14783962067389 7.1594092100627
     0       0.00000000       0.00000000       0.00000000      0.00000000
     1       1.00000000       1.00000000       1.00000000      1.00000000
      sol1
estado 7.18228410324057 7.21160342000647 7.22061766181047 7.26413766465979
     0       0.00000000       0.00000000       0.00000000       0.00000000
     1       1.00000000       1.00000000       1.00000000       1.00000000
      sol1
estado 7.26976202478297 7.43549917422189 7.54508234613733 7.56599558573736
     0       0.00000000       0.00000000       0.00000000       0.00000000
     1       1.00000000       1.00000000       1.00000000       1.00000000
      sol1
estado 7.62307003891204 7.63624715379373 7.74682318427984 7.76893486953823
     0       0.00000000       0.00000000       0.00000000       0.00000000
     1       1.00000000       1.00000000       1.00000000       1.00000000
      sol1
estado 7.86322487410968 7.86547519451947 7.86967796254463 7.90706027688346
     0       0.00000000       0.00000000       0.00000000       0.00000000
     1       1.00000000       1.00000000       1.00000000       1.00000000
      sol1
estado 7.94828307930062          8 8.18165216046485 8.35074869768423
     0       0.00000000 0.72268908       0.00000000       0.00000000
     1       1.00000000 0.27731092       1.00000000       1.00000000
      sol1
estado 8.4445506645165 8.45879513069769 8.51259523958573 8.61154695702284
     0      0.00000000       0.00000000       0.00000000       0.00000000
     1      1.00000000       1.00000000       1.00000000       1.00000000
      sol1
estado 8.66876477806618 8.69702375394518 8.70652494080634 8.72431530624301
     0       0.00000000       0.00000000       0.00000000       0.00000000
     1       1.00000000       1.00000000       1.00000000       1.00000000
      sol1
estado 8.76271541555284 8.86801112583026 8.89300517420346          9
     0       0.00000000       0.00000000       0.00000000 0.96078431
     1       1.00000000       1.00000000       1.00000000 0.03921569

