
  Bayesian network parameters

  Parameters of node lt (multinomial distribution)

Conditional probability table:
                   0 0.00723400024006482  0.0118816407468915  0.0246258719483837 
        0.456586826         0.001497006         0.001497006         0.001497006 
  0.028605442958394   0.033520202266178  0.0340560830748774  0.0436423859113217 
        0.001497006         0.001497006         0.001497006         0.001497006 
 0.0459018566064967  0.0510132677631208  0.0518155355503521   0.078305951399994 
        0.001497006         0.001497006         0.001497006         0.001497006 
 0.0943083332572808   0.104513724872964   0.135937720369932    0.14027110065232 
        0.001497006         0.001497006         0.001497006         0.001497006 
   0.14127245091189   0.157803456259819   0.175368022948158   0.180815334951814 
        0.001497006         0.001497006         0.001497006         0.001497006 
  0.190538397752152   0.192483411565247   0.193652264924356   0.200234366715992 
        0.001497006         0.001497006         0.001497006         0.001497006 
  0.205245543665256   0.215976605308461   0.218311429727292   0.229826061904179 
        0.001497006         0.001497006         0.001497006         0.001497006 
  0.243188049742853   0.248110268060491   0.258878201677699   0.284931219323034 
        0.001497006         0.001497006         0.001497006         0.001497006 
  0.301963596550235   0.310722853882939   0.323179577531582   0.323321839899549 
        0.001497006         0.001497006         0.001497006         0.001497006 
  0.357766430511199   0.359140073145099   0.360275155812627    0.36333225415548 
        0.001497006         0.001497006         0.001497006         0.001497006 
  0.365133047861373    0.39116143599288   0.402159493387138   0.409737787980436 
        0.001497006         0.001497006         0.001497006         0.001497006 
  0.410825597088945   0.425570156303581   0.447691198599019   0.449736441370345 
        0.001497006         0.001497006         0.001497006         0.001497006 
  0.466821557771319   0.469560153968541   0.472678155938557   0.478470692415057 
        0.001497006         0.001497006         0.001497006         0.001497006 
  0.493609019316077   0.503331976432388   0.505017699495497   0.505455855624159 
        0.001497006         0.001497006         0.001497006         0.001497006 
   0.51833245590312   0.520398775526402   0.524460486755718   0.536736537531208 
        0.001497006         0.001497006         0.001497006         0.001497006 
   0.55504555313503   0.555521950149914    0.55652906167673   0.561534073165894 
        0.001497006         0.001497006         0.001497006         0.001497006 
  0.573046445495829    0.57343458862092   0.590273489514427   0.594706794506655 
        0.001497006         0.001497006         0.001497006         0.001497006 
  0.605385658654683   0.618180642523878   0.632817197104485   0.658189787240945 
        0.001497006         0.001497006         0.001497006         0.001497006 
  0.658416774389089   0.663126382663859   0.665286883988769   0.705593041266488 
        0.001497006         0.001497006         0.001497006         0.001497006 
  0.730009733158814   0.731005295940294   0.788603054719331   0.791804655461531 
        0.001497006         0.001497006         0.001497006         0.001497006 
  0.805049539298571   0.806925466585527   0.811932535016374   0.815117816100287 
        0.001497006         0.001497006         0.001497006         0.001497006 
  0.827062495867363   0.830945761796222   0.834357946772746   0.846494473245575 
        0.001497006         0.001497006         0.001497006         0.001497006 
  0.848570095071457   0.861463630735608   0.870429658866643   0.872339291577915 
        0.001497006         0.001497006         0.001497006         0.001497006 
  0.890817638844851   0.897136876433118   0.902570029925099   0.902845899954806 
        0.001497006         0.001497006         0.001497006         0.001497006 
  0.910434570229768   0.914083703233025   0.919379679788988   0.929523854446228 
        0.001497006         0.001497006         0.001497006         0.001497006 
  0.944096806851337   0.947608060750592   0.976365573867958   0.979579893895639 
        0.001497006         0.001497006         0.001497006         0.001497006 
                  1    1.01731011294704    1.05264223852714    1.09520771262432 
        0.187125749         0.001497006         0.001497006         0.001497006 
   1.09551078750213     1.1259010779148    1.14833976352394    1.15301364489595 
        0.001497006         0.001497006         0.001497006         0.001497006 
   1.20054588667716    1.20519387899406    1.26980417945675     1.3126434692846 
        0.001497006         0.001497006         0.001497006         0.001497006 
   1.31565767280671    1.31780774890803    1.36439473153048     1.4084502841677 
        0.001497006         0.001497006         0.001497006         0.001497006 
   1.42703432613394    1.45813264498228    1.46091615799043    1.46856225804278 
        0.001497006         0.001497006         0.001497006         0.001497006 
   1.47930788355596    1.49503857392574    1.49967969600896    1.50901848295243 
        0.001497006         0.001497006         0.001497006         0.001497006 
   1.52732249930161     1.5533729053338    1.56716581573901    1.56942022204547 
        0.001497006         0.001497006         0.001497006         0.001497006 
   1.59391894837526    1.62204756725732    1.63529481720002    1.66031821806036 
        0.001497006         0.001497006         0.001497006         0.001497006 
   1.67923519889222    1.74576433173026    1.78115658059456    1.91169781207048 
        0.001497006         0.001497006         0.001497006         0.001497006 
   1.98112387149465    1.98548586067796                   2    2.01227124285976 
        0.001497006         0.001497006         0.076347305         0.001497006 
    2.0628522112253    2.06797773820482    2.08551917904446    2.21763969537647 
        0.001497006         0.001497006         0.001497006         0.001497006 
   2.30162224095148    2.34715638019399    2.38199820438502    2.55462450533716 
        0.001497006         0.001497006         0.001497006         0.001497006 
    2.5549898719746    2.62315232908828    2.66839668574291    2.71612240674099 
        0.001497006         0.001497006         0.001497006         0.001497006 
    2.8622809327186    2.90026786350648     2.9281279110595                   3 
        0.001497006         0.001497006         0.001497006         0.032934132 
                  4                   5                   6 
        0.007485030         0.002994012         0.002994012 

  Parameters of node tt (multinomial distribution)

Conditional probability table:
 
                      estado
tt                               0           1
  0                    0.353293413 0.338323353
  0.000596836363782272 0.000000000 0.002994012
  0.00723400024006482  0.000000000 0.002994012
  0.0240036402191122   0.000000000 0.002994012
  0.0326600077027206   0.000000000 0.002994012
  0.0408402122087212   0.000000000 0.002994012
  0.0479147259603363   0.000000000 0.002994012
  0.0806203202110122   0.000000000 0.002994012
  0.0815457020847596   0.000000000 0.002994012
  0.102863123566882    0.000000000 0.002994012
  0.105702605903546    0.000000000 0.002994012
  0.109182361155149    0.000000000 0.002994012
  0.119165411559523    0.000000000 0.002994012
  0.123644094857681    0.000000000 0.002994012
  0.127117834134869    0.000000000 0.002994012
  0.129570341133357    0.000000000 0.002994012
  0.145683048292642    0.000000000 0.002994012
  0.152675356831079    0.000000000 0.002994012
  0.153933331678936    0.000000000 0.002994012
  0.156455775860103    0.000000000 0.002994012
  0.165642053227254    0.000000000 0.002994012
  0.17139672194929     0.000000000 0.002994012
  0.171832593533949    0.000000000 0.002994012
  0.190148109930616    0.000000000 0.002994012
  0.190538397752152    0.000000000 0.002994012
  0.19281078468833     0.000000000 0.002994012
  0.2048789277268      0.000000000 0.002994012
  0.233410778885659    0.000000000 0.002994012
  0.245571419276122    0.000000000 0.002994012
  0.25186195076346     0.000000000 0.002994012
  0.260921454287925    0.000000000 0.002994012
  0.28752502607021     0.000000000 0.002994012
  0.300171449654803    0.000000000 0.002994012
  0.301963596550235    0.000000000 0.002994012
  0.304161014345479    0.000000000 0.002994012
  0.318416213105663    0.000000000 0.002994012
  0.336873617336141    0.000000000 0.002994012
  0.343373849760581    0.000000000 0.002994012
  0.349337814356888    0.000000000 0.002994012
  0.353134588262465    0.000000000 0.002994012
  0.364705182799981    0.000000000 0.002994012
  0.374370069730234    0.000000000 0.002994012
  0.391396911839101    0.000000000 0.002994012
  0.438465926834106    0.000000000 0.002994012
  0.44565170944209     0.000000000 0.002994012
  0.452244606248937    0.000000000 0.002994012
  0.45239614368784     0.000000000 0.002994012
  0.465868106369149    0.000000000 0.002994012
  0.475539513244282    0.000000000 0.002994012
  0.49134494352648     0.000000000 0.002994012
  0.495824032329958    0.000000000 0.002994012
  0.506390980683923    0.000000000 0.002994012
  0.511160288110399    0.000000000 0.002994012
  0.518971424399082    0.000000000 0.002994012
  0.520398775526402    0.000000000 0.002994012
  0.553372905333797    0.000000000 0.002994012
  0.574429843696419    0.000000000 0.002994012
  0.579150613618895    0.000000000 0.002994012
  0.60259693949703     0.000000000 0.002994012
  0.618180642523878    0.000000000 0.002994012
  0.625286938569203    0.000000000 0.002994012
  0.634866952138627    0.000000000 0.002994012
  0.640859926854901    0.000000000 0.002994012
  0.647203479366756    0.000000000 0.002994012
  0.656878679892777    0.000000000 0.002994012
  0.658416774389089    0.000000000 0.002994012
  0.712983889325329    0.000000000 0.002994012
  0.713438410140219    0.000000000 0.002994012
  0.720083850069304    0.000000000 0.002994012
  0.729388139688753    0.000000000 0.002994012
  0.740293387627089    0.000000000 0.002994012
  0.752253371160079    0.000000000 0.002994012
  0.753369418525666    0.000000000 0.002994012
  0.758601191265838    0.000000000 0.002994012
  0.765219923015729    0.000000000 0.002994012
  0.776751890626808    0.000000000 0.002994012
  0.781688570272708    0.000000000 0.002994012
  0.783582907869507    0.000000000 0.002994012
  0.795131106009782    0.000000000 0.002994012
  0.824631977051842    0.000000000 0.002994012
  0.82760656801516     0.000000000 0.002994012
  0.836316474817484    0.000000000 0.002994012
  0.83961759944611     0.000000000 0.002994012
  0.845075831817975    0.000000000 0.002994012
  0.846186583530148    0.000000000 0.002994012
  0.848424045461624    0.000000000 0.002994012
  0.848570095071457    0.000000000 0.002994012
  0.85406865226788     0.000000000 0.002994012
  0.857534390338483    0.000000000 0.002994012
  0.879108720944296    0.000000000 0.002994012
  0.905691666742719    0.000000000 0.002994012
  0.937124516085561    0.000000000 0.002994012
  0.941579328501548    0.000000000 0.002994012
  0.94735776147286     0.000000000 0.002994012
  0.959830530299356    0.000000000 0.002994012
  0.968141232410248    0.000000000 0.002994012
  0.970320836065033    0.000000000 0.002994012
  0.971394557041606    0.000000000 0.002994012
  1                    0.386227545 0.071856287
  1.02363442613204     0.000000000 0.002994012
  1.02909492394088     0.000000000 0.002994012
  1.03352020226618     0.000000000 0.002994012
  1.03405608307488     0.000000000 0.002994012
  1.05464499860322     0.000000000 0.002994012
  1.05774867344243     0.000000000 0.002994012
  1.09112299000723     0.000000000 0.002994012
  1.09234503323143     0.000000000 0.002994012
  1.09418163394126     0.000000000 0.002994012
  1.0974299700749      0.000000000 0.002994012
  1.14833976352394     0.000000000 0.002994012
  1.19307453341447     0.000000000 0.002994012
  1.23045421679505     0.000000000 0.002994012
  1.23132423673603     0.000000000 0.002994012
  1.23435876926928     0.000000000 0.002994012
  1.23965394177798     0.000000000 0.002994012
  1.25450924147622     0.000000000 0.002994012
  1.27725231162135     0.000000000 0.002994012
  1.27944968837475     0.000000000 0.002994012
  1.28255957744969     0.000000000 0.002994012
  1.33176526390495     0.000000000 0.002994012
  1.33471311601123     0.000000000 0.002994012
  1.34181021275905     0.000000000 0.002994012
  1.34715638019399     0.000000000 0.002994012
  1.35303556013883     0.000000000 0.002994012
  1.36449578836656     0.000000000 0.002994012
  1.43687735145276     0.000000000 0.002994012
  1.4507516602365      0.000000000 0.002994012
  1.4949823005045      0.000000000 0.002994012
  1.55230880140098     0.000000000 0.002994012
  1.56287931551404     0.000000000 0.002994012
  1.66139190597894     0.000000000 0.002994012
  1.68065065273374     0.000000000 0.002994012
  1.68927714611706     0.000000000 0.002994012
  1.690004370348       0.000000000 0.002994012
  1.7411217983223      0.000000000 0.002994012
  1.76979225162908     0.000000000 0.002994012
  1.80751658843475     0.000000000 0.002994012
  1.81193253501637     0.000000000 0.002994012
  1.81918466504819     0.000000000 0.002994012
  1.82896164191109     0.000000000 0.002994012
  1.86374839286398     0.000000000 0.002994012
  1.9035466173823      0.000000000 0.002994012
  1.91169781207048     0.000000000 0.002994012
  1.97097172135592     0.000000000 0.002994012
  1.97808954614394     0.000000000 0.002994012
  2                    0.179640719 0.122754491
  2.26834984643286     0.000000000 0.002994012
  2.28087833110397     0.000000000 0.002994012
  2.49834619130858     0.000000000 0.002994012
  2.50043203507009     0.000000000 0.002994012
  2.55462450533716     0.000000000 0.002994012
  2.6052787532723      0.000000000 0.002994012
  2.66839668574291     0.000000000 0.002994012
  2.6745505248839      0.000000000 0.002994012
  2.72929084928478     0.000000000 0.002994012
  2.80249934330557     0.000000000 0.002994012
  2.98831418889241     0.000000000 0.002994012
  3                    0.059880240 0.005988024
  4                    0.014970060 0.000000000
  5                    0.005988024 0.000000000

  Parameters of node pt (multinomial distribution)

Conditional probability table:
                  0 0.0204201061043606 0.0282953910452597  0.039152975699997 
       0.229041916        0.001497006        0.001497006        0.001497006 
0.0806203202110122  0.081338531385562 0.0895654297702316 0.0971541000451938 
       0.001497006        0.001497006        0.001497006        0.001497006 
 0.106498957013329  0.109182361155149  0.115617858596218  0.119712192496903 
       0.001497006        0.001497006        0.001497006        0.001497006 
 0.130025801945981  0.138536369264392  0.148339763523935  0.165642053227254 
       0.001497006        0.001497006        0.001497006        0.001497006 
 0.172937504132637  0.187185034865117  0.188067464983626  0.190538397752152 
       0.001497006        0.001497006        0.001497006        0.001497006 
  0.19281078468833  0.211396945280669  0.251802155829596  0.259485712199541 
       0.001497006        0.001497006        0.001497006        0.001497006 
 0.284931219323034   0.28671729431046  0.336873617336141  0.394614341345317 
       0.001497006        0.001497006        0.001497006        0.001497006 
 0.408450284167705  0.409737787980436  0.426953554504171  0.439554360472148 
       0.001497006        0.001497006        0.001497006        0.001497006 
  0.44347093832327  0.444478049850086  0.460916157990429  0.463263462468792 
       0.001497006        0.001497006        0.001497006        0.001497006 
 0.469560153968541  0.475539513244282   0.50165380869142  0.510285764665221 
       0.001497006        0.001497006        0.001497006        0.001497006 
 0.520398775526402  0.544151093964758  0.562879315514043  0.563122648547236 
       0.001497006        0.001497006        0.001497006        0.001497006 
 0.567755186518023  0.583240510539046  0.584754634235665  0.594851742682206 
       0.001497006        0.001497006        0.001497006        0.001497006 
 0.617179384634638  0.618180642523878  0.642233569488801  0.658416774389089 
       0.001497006        0.001497006        0.001497006        0.001497006 
 0.661391905978936  0.663206628514181   0.66803024483031  0.676678160100451 
       0.001497006        0.001497006        0.001497006        0.001497006 
 0.682247894183279  0.686242640214446  0.705593041266488  0.720550311625254 
       0.001497006        0.001497006        0.001497006        0.001497006 
  0.72906632249114  0.731650153567143  0.745490758523784  0.751889731939509 
       0.001497006        0.001497006        0.001497006        0.001497006 
 0.753695341823442  0.754428580723878  0.756811950257147  0.758128677640701 
       0.001497006        0.001497006        0.001497006        0.001497006 
 0.768675763263969  0.770173938095821  0.776751890626808  0.781156580594563 
       0.001497006        0.001497006        0.001497006        0.001497006 
 0.781688570272708  0.794754456334744  0.806347735075644  0.842440614687148 
       0.001497006        0.001497006        0.001497006        0.001497006 
 0.848570095071457  0.864062279630068  0.873530971506007  0.890750989325685 
       0.001497006        0.001497006        0.001497006        0.001497006 
 0.908877009992774  0.948184464449648   0.95177330869115  0.965943916925123 
       0.001497006        0.001497006        0.001497006        0.001497006 
 0.966479797733822  0.975374128051616  0.981123871494649   0.98548586067796 
       0.001497006        0.001497006        0.001497006        0.001497006 
                 1   1.02191045385606     1.026711691692   1.02860544295839 
       0.318862275        0.001497006        0.001497006        0.001497006 
  1.04016946970064    1.0459018566065   1.04617251661572   1.05101326776312 
       0.001497006        0.001497006        0.001497006        0.001497006 
  1.05590319314866   1.06356210037207   1.09430833325728   1.09551078750213 
       0.001497006        0.001497006        0.001497006        0.001497006 
  1.15350552675443   1.17536802294816   1.17651778006941   1.20819534453847 
       0.001497006        0.001497006        0.001497006        0.001497006 
  1.21597660530846   1.23341077888566   1.23460142775996   1.26899470405971 
       0.001497006        0.001497006        0.001497006        0.001497006 
  1.32063643612073   1.32772353825857    1.3591400731451   1.39116143599288 
       0.001497006        0.001497006        0.001497006        0.001497006 
  1.40972651048557   1.42557015630358   1.50043203507009   1.56472060924706 
       0.001497006        0.001497006        0.001497006        0.001497006 
  1.59180546987588   1.60259693949703   1.62130618398154   1.63666774584452 
       0.001497006        0.001497006        0.001497006        0.001497006 
   1.6745505248839   1.67682042246842   1.69867562871378   1.71744042255031 
       0.001497006        0.001497006        0.001497006        0.001497006 
  1.72929084928478   1.74576433173026   1.75465797092538   1.78358290786951 
       0.001497006        0.001497006        0.001497006        0.001497006 
  1.78859478819291   1.79427375286624   1.80179398252012   1.81511781610029 
       0.001497006        0.001497006        0.001497006        0.001497006 
  1.82816740646605   1.83961759944611   1.86404452359036   1.86766570247315 
       0.001497006        0.001497006        0.001497006        0.001497006 
  1.87042965886664   1.87429557754941   1.90581836605874   1.94760806075059 
       0.001497006        0.001497006        0.001497006        0.001497006 
  1.95208527403966   1.97090507605912   1.97545751428048   1.97599635978089 
       0.001497006        0.001497006        0.001497006        0.001497006 
  1.98553199951987    1.9922094592616                  2   2.34109612554599 
       0.001497006        0.001497006        0.160179641        0.001497006 
  2.50639098068392   2.50673883705133   2.63486695213863   2.66378323785116 
       0.001497006        0.001497006        0.001497006        0.001497006 
  2.69015166363595   2.71298388932533   2.92986444967384    2.9362824648205 
       0.001497006        0.001497006        0.001497006        0.001497006 
                 3                  4                  5                  6 
       0.050898204        0.008982036        0.001497006        0.001497006 

  Parameters of node game_score (multinomial distribution)

Conditional probability table:
                   0 0.00723400024006482  0.0204201061043606   0.039152975699997 
        0.338323353         0.001497006         0.001497006         0.001497006 
 0.0459018566064967  0.0510132677631208  0.0577486734424283   0.076966665839468 
        0.001497006         0.001497006         0.001497006         0.001497006 
 0.0923450332314306   0.104513724872964   0.115617858596218   0.152675356831079 
        0.001497006         0.001497006         0.001497006         0.001497006 
  0.187185034865117   0.190148109930616   0.190538397752152    0.19569845591955 
        0.001497006         0.001497006         0.001497006         0.001497006 
    0.2048789277268   0.215976605308461   0.222825854721045   0.230454216795054 
        0.001497006         0.001497006         0.001497006         0.001497006 
   0.25186195076346   0.259485712199541   0.260921454287925   0.284931219323034 
        0.001497006         0.001497006         0.001497006         0.001497006 
   0.28671729431046    0.28752502607021   0.289575306809448   0.301963596550235 
        0.001497006         0.001497006         0.001497006         0.001497006 
  0.331765263904955   0.343373849760581   0.353035560138826   0.353134588262465 
        0.001497006         0.001497006         0.001497006         0.001497006 
  0.357766430511199    0.39116143599288   0.408450284167705   0.409737787980436 
        0.001497006         0.001497006         0.001497006         0.001497006 
  0.439554360472148   0.450751660236502   0.466821557771319   0.469560153968541 
        0.001497006         0.001497006         0.001497006         0.001497006 
  0.478470692415057   0.505455855624159    0.51833245590312   0.520398775526402 
        0.001497006         0.001497006         0.001497006         0.001497006 
   0.55504555313503   0.562879315514043   0.591805469875875   0.594706794506655 
        0.001497006         0.001497006         0.001497006         0.001497006 
  0.617179384634638   0.618180642523878   0.632817197104485   0.638626155810675 
        0.001497006         0.001497006         0.001497006         0.001497006 
  0.657828836403355   0.658416774389089   0.661391905978936   0.680650652733739 
        0.001497006         0.001497006         0.001497006         0.001497006 
  0.682247894183279   0.690004370347998   0.698675628713776   0.705593041266488 
        0.001497006         0.001497006         0.001497006         0.001497006 
  0.713438410140219    0.72906632249114   0.815117816100287   0.848570095071457 
        0.001497006         0.001497006         0.001497006         0.001497006 
  0.872339291577915   0.897136876433118   0.921832315980859   0.931874196431991 
        0.001497006         0.001497006         0.001497006         0.001497006 
  0.947608060750592    0.95177330869115   0.970320836065033                   1 
        0.001497006         0.001497006         0.001497006         0.269461078 
   1.01454746197044    1.01731011294704    1.04709081697063    1.07890172812991 
        0.001497006         0.001497006         0.001497006         0.001497006 
   1.09520771262432    1.09551078750213    1.10027294333858     1.1259010779148 
        0.001497006         0.001497006         0.001497006         0.001497006 
   1.14833976352394    1.15755938531285    1.20107974669357    1.20519387899406 
        0.001497006         0.001497006         0.001497006         0.001497006 
   1.22486822068517    1.23965394177798    1.25450924147622    1.26834984643286 
        0.001497006         0.001497006         0.001497006         0.001497006 
   1.28471011102273    1.29695947418763     1.3126434692846    1.34715638019399 
        0.001497006         0.001497006         0.001497006         0.001497006 
   1.36439473153048    1.38433788163198    1.41547288089811    1.42596777865066 
        0.001497006         0.001497006         0.001497006         0.001497006 
   1.42703432613394    1.45584890603524    1.46476192722311    1.46856225804278 
        0.001497006         0.001497006         0.001497006         0.001497006 
   1.49834619130858    1.49967969600896    1.50043203507009    1.50639098068392 
        0.001497006         0.001497006         0.001497006         0.001497006 
   1.50673883705133    1.52732249930161     1.5533729053338    1.56231316118913 
        0.001497006         0.001497006         0.001497006         0.001497006 
   1.56716581573901    1.63486695213863    1.63490208972838    1.66031821806036 
        0.001497006         0.001497006         0.001497006         0.001497006 
   1.66378323785116     1.6745505248839    1.67923519889222    1.69015166363595 
        0.001497006         0.001497006         0.001497006         0.001497006 
   1.69099910219251    1.72929084928478    1.74576433173026    1.81102378362866 
        0.001497006         0.001497006         0.001497006         0.001497006 
    1.9362824648205     1.9622477429893    1.97097172135592    1.97604263701983 
        0.001497006         0.001497006         0.001497006         0.001497006 
    1.9922094592616                   2                   3                   4 
        0.001497006         0.163173653         0.029940120         0.013473054 
                  5 
        0.001497006 

  Parameters of node op1 (conditional Gaussian distribution)

Conditional density: op1 | op3 + op4 + op5 + op6 + programa + estado
Coefficients:
                        0             1
(Intercept)   0.711584554   0.365135807
op3           0.008728205  -0.169551098
op4          -0.019708121   0.377500542
op5           0.173380214  -0.454931220
op6           0.095840985  -0.063938953
programa     -0.062182770  -0.007552374
Standard deviation of the residuals:
        0          1  
0.4841913  0.4202804  
Discrete parents' configurations:
   estado
0       0
1       1

  Parameters of node op2 (conditional Gaussian distribution)

Conditional density: op2 | op1 + op3 + op4 + op6 + score + programa + estado
Coefficients:
                        0             1
(Intercept)   0.493359131  -0.327913795
op1           0.152222688  -0.005120438
op3           0.038371237  -0.156841079
op4           0.134685099   0.050965887
op6           0.069328500   0.412665734
score        -0.004965055   0.102321848
programa      0.006806798   0.065759307
Standard deviation of the residuals:
        0          1  
0.4548603  0.3958324  
Discrete parents' configurations:
   estado
0       0
1       1

  Parameters of node op3 (conditional Gaussian distribution)

Conditional density: op3 | estado
Coefficients:
                     0          1
(Intercept)  0.3742515  0.2574850
Standard deviation of the residuals:
        0          1  
0.4846551  0.4379048  
Discrete parents' configurations:
   estado
0       0
1       1

  Parameters of node op4 (conditional Gaussian distribution)

Conditional density: op4 | op3 + op5 + op6 + score + programa + estado
Coefficients:
                        0             1
(Intercept)   0.167364360   0.160170027
op3           0.120288467   0.269232352
op5           0.281674304   0.248078570
op6           0.030041044   0.223691654
score         0.009163819  -0.043201783
programa      0.012419672   0.099427633
Standard deviation of the residuals:
        0          1  
0.4710551  0.4166622  
Discrete parents' configurations:
   estado
0       0
1       1

  Parameters of node op5 (conditional Gaussian distribution)

Conditional density: op5 | op3 + score + score_a + programa + estado
Coefficients:
                       0            1
(Intercept)   0.21816853   0.65250681
op3           0.39052416   0.38201689
score         0.05211060   0.03610979
score_a      -0.05954490  -0.15165972
programa     -0.01184995  -0.05550308
Standard deviation of the residuals:
        0          1  
0.4570278  0.3422353  
Discrete parents' configurations:
   estado
0       0
1       1

  Parameters of node op6 (conditional Gaussian distribution)

Conditional density: op6 | op3 + op5 + programa + estado
Coefficients:
                       0            1
(Intercept)   0.34079235   0.47026738
op3           0.18875176  -0.03938652
op5           0.04740780   0.54337894
programa      0.01169749  -0.07149565
Standard deviation of the residuals:
        0          1  
0.4918710  0.4151629  
Discrete parents' configurations:
   estado
0       0
1       1

  Parameters of node sv1 (Gaussian distribution)

Conditional density: sv1 | op1 + op5 + sv2 + sv6 + score_s + programa
Coefficients:
(Intercept)          op1          op5          sv2          sv6      score_s  
 0.95692912   0.02356668  -0.01350880   0.07774228   0.03356265  -0.01535235  
   programa  
-0.01160445  
Standard deviation of the residuals: 0.111071 

  Parameters of node sv2 (conditional Gaussian distribution)

Conditional density: sv2 | op1 + op2 + op3 + op6 + score + score_a + programa + estado
Coefficients:
                        0             1
(Intercept)   0.815414969   0.823702458
op1           0.033495306   0.102227528
op2           0.171086208   0.327634395
op3           0.063140701   0.093685328
op6           0.045717741   0.061679117
score        -0.007264187  -0.070104256
score_a       0.015265348   0.090753933
programa     -0.017873340  -0.036349814
Standard deviation of the residuals:
        0          1  
0.2167696  0.2532285  
Discrete parents' configurations:
   estado
0       0
1       1

  Parameters of node sv3 (conditional Gaussian distribution)

Conditional density: sv3 | op1 + op2 + op4 + op5 + op6 + sv2 + sv4 + sv5 + score_p + score_s + programa + estado
Coefficients:
                        0             1
(Intercept)  -0.072268295  -0.660021542
op1          -0.001071871  -0.157579088
op2          -0.015033702  -0.195671960
op4           0.049324630   0.199059937
op5           0.273716367   0.315348673
op6           0.137859396  -0.139010556
sv2           0.235581197   0.201811315
sv4           0.113016615   0.141142893
sv5           0.102119724   0.095656489
score_p      -0.042143657   0.077847490
score_s       0.024097373   0.094525856
programa     -0.014498923   0.073835909
Standard deviation of the residuals:
       0         1  
0.436516  0.350073  
Discrete parents' configurations:
   estado
0       0
1       1

  Parameters of node sv4 (conditional Gaussian distribution)

Conditional density: sv4 | op2 + op3 + op4 + op5 + op6 + score_a + score_p + estado
Coefficients:
                         0              1
(Intercept)   0.3740193510   0.4751873390
op2          -0.0460624144  -0.1169471499
op3           0.0820646651   0.1564242000
op4           0.4389314581   0.4489844403
op5           0.1444648292  -0.1465145934
op6          -0.0357155175   0.1018541925
score_a       0.0009234586  -0.1296556254
score_p       0.0334676696   0.1990784745
Standard deviation of the residuals:
        0          1  
0.3575241  0.3030877  
Discrete parents' configurations:
   estado
0       0
1       1

  Parameters of node sv5 (conditional Gaussian distribution)

Conditional density: sv5 | op1 + op3 + op5 + sv1 + sv4 + sv6 + score + score_a + score_s + programa + estado
Coefficients:
                        0             1
(Intercept)   0.214996533  -0.048379883
op1           0.018442613   0.199132072
op3           0.051450635   0.083939015
op5           0.165311181   0.109691902
sv1           0.247254378   0.000000000
sv4           0.062450216   0.401981360
sv6           0.087414608   0.261401659
score         0.005347311   0.079317319
score_a       0.009441233  -0.175955276
score_s       0.015712021   0.117475277
programa      0.021152335   0.038327298
Standard deviation of the residuals:
        0          1  
0.3095607  0.2919195  
Discrete parents' configurations:
   estado
0       0
1       1

  Parameters of node sv6 (conditional Gaussian distribution)

Conditional density: sv6 | op1 + op2 + op4 + op6 + sv2 + sv4 + score_a + score_p + score_d + estado
Coefficients:
                        0             1
(Intercept)   0.144470380  -0.046286178
op1           0.022650825  -0.177379868
op2           0.103279567  -0.066854098
op4           0.010054341   0.133931450
op6           0.350327444   0.075697320
sv2           0.250374432   0.236168610
sv4           0.179797476   0.204731608
score_a       0.035026272  -0.020027264
score_p      -0.032097950   0.132235580
score_d      -0.009011316   0.120655575
Standard deviation of the residuals:
        0          1  
0.3302925  0.2828997  
Discrete parents' configurations:
   estado
0       0
1       1

  Parameters of node score (conditional Gaussian distribution)

Conditional density: score | op3 + estado
Coefficients:
                      0           1
(Intercept)  7.05741627  6.33064516
op3          0.05458373  0.47168042
Standard deviation of the residuals:
       0         1  
2.166102  1.874469  
Discrete parents' configurations:
   estado
0       0
1       1

  Parameters of node score_a (Gaussian distribution)

Conditional density: score_a | score + programa
Coefficients:
(Intercept)        score     programa  
 -0.5086534    0.6177870    0.1262061  
Standard deviation of the residuals: 0.6984077 

  Parameters of node score_p (conditional Gaussian distribution)

Conditional density: score_p | op3 + op5 + op6 + sv2 + score + score_a + score_d + estado
Coefficients:
                       0            1
(Intercept)  -0.46877036  -0.26569943
op3          -0.11860916   0.20988511
op5           0.08985668   0.10333588
op6           0.12989444   0.48280816
sv2           0.04839449  -0.56026864
score         0.98796246   0.88596362
score_a      -0.50101415  -0.43980248
score_d      -0.55642314  -0.35491041
Standard deviation of the residuals:
        0          1  
0.4984886  0.4281215  
Discrete parents' configurations:
   estado
0       0
1       1

  Parameters of node score_d (conditional Gaussian distribution)

Conditional density: score_d | op1 + op2 + op4 + sv2 + score + score_a + programa + estado
Coefficients:
                       0            1
(Intercept)  -0.16153914  -0.76382019
op1           0.07969869   0.23590889
op2           0.03772777  -0.20321777
op4           0.01235537  -0.34390326
sv2           0.14078820   0.42616096
score         0.12442844   0.25653707
score_a       0.31478856   0.10827947
programa     -0.03099903   0.12231252
Standard deviation of the residuals:
        0          1  
0.7411963  0.5398807  
Discrete parents' configurations:
   estado
0       0
1       1

  Parameters of node score_s (conditional Gaussian distribution)

Conditional density: score_s | op2 + op3 + op4 + op6 + score + score_a + score_p + score_d + estado
Coefficients:
                       0            1
(Intercept)   0.35530369   0.39831024
op2          -0.03914232   0.26888811
op3           0.02402613   0.22913985
op4           0.14481270  -0.40451923
op6          -0.03102751   0.22721078
score         0.67786521   0.10128956
score_a      -0.32773462   0.21878681
score_p      -0.53775406  -0.27053858
score_d       0.09331156   0.34250196
Standard deviation of the residuals:
        0          1  
0.5685756  0.5444779  
Discrete parents' configurations:
   estado
0       0
1       1

  Parameters of node programa (conditional Gaussian distribution)

Conditional density: programa | op3 + score + estado
Coefficients:
                       0            1
(Intercept)   4.61890694   3.52277742
op3          -0.08046882   0.25480774
score        -0.07345868  -0.03226038
Standard deviation of the residuals:
        0          1  
0.9622043  0.7847295  
Discrete parents' configurations:
   estado
0       0
1       1

  Parameters of node sol1 (multinomial distribution)

Conditional probability table:
                   0 0.00238734545512909   0.315118770625705   0.395001313388868 
        0.076347305         0.001497006         0.001497006         0.001497006 
  0.509018482952431   0.789442493455399                   1    1.32641325702836 
        0.001497006         0.001497006         0.001497006         0.001497006 
   1.35443237608425    1.43824333779206     1.4454953767573    1.71085581798322 
        0.001497006         0.001497006         0.001497006         0.001497006 
   1.74848273794383    1.78150197865137     1.8634724254766                   2 
        0.001497006         0.001497006         0.001497006         0.001497006 
    2.0446411524416    2.56775518651802    2.75369534182344    2.92003893263526 
        0.001497006         0.001497006         0.001497006         0.001497006 
   2.95774857916148    2.97926542970901                   3     3.2172061763218 
        0.001497006         0.001497006         0.001497006         0.001497006 
   3.56472060924706    3.86404452359036    3.87429557754941    3.97545751428048 
        0.001497006         0.001497006         0.001497006         0.001497006 
                  4    4.02042010610436    4.05842067149845    4.08062032021101 
        0.017964072         0.001497006         0.001497006         0.001497006 
   4.12712420074414    4.13853636926439    4.15267535683108    4.16564205322725 
        0.001497006         0.001497006         0.001497006         0.001497006 
   4.19014810993062     4.2048789277268     4.2418713223593    4.25186195076346 
        0.001497006         0.001497006         0.001497006         0.001497006 
   4.28103817466606    4.33196975516969    4.33968178193964    4.34207671617783 
        0.001497006         0.001497006         0.001497006         0.001497006 
   4.34337384976058    4.34933781435689    4.40514825731779    4.48971423533478 
        0.001497006         0.001497006         0.001497006         0.001497006 
   4.53143774195722    4.55504555313503    4.57296567386606    4.71343841014022 
        0.001497006         0.001497006         0.001497006         0.001497006 
   4.74029338762709    4.75442858072388    4.75860119126584    4.78168857027271 
        0.001497006         0.001497006         0.001497006         0.001497006 
   4.79942236896317     4.8435442241399    4.84507583181797     4.8740989220852 
        0.001497006         0.001497006         0.001497006         0.001497006 
   4.91866146861444    4.94535500139678    4.96814123241025    4.97032083606503 
        0.001497006         0.001497006         0.001497006         0.001497006 
   4.97844287402286    4.98811835925311                   5      5.026711691692 
        0.001497006         0.001497006         0.113772455         0.001497006 
   5.02860544295839    5.04016946970064    5.04617251661571    5.05239193924941 
        0.001497006         0.001497006         0.001497006         0.001497006 
   5.05715041006406    5.08956542977023    5.09430833325728    5.15236605922883 
        0.001497006         0.001497006         0.001497006         0.001497006 
   5.15820169349663    5.17293750413264    5.17536802294816    5.17651778006941 
        0.001497006         0.001497006         0.001497006         0.001497006 
   5.18488218389971    5.21139694528067     5.2183647223103    5.23460142775996 
        0.001497006         0.001497006         0.001497006         0.001497006 
    5.2737498478897    5.28701611067467    5.29667952704787    5.32598428698882 
        0.001497006         0.001497006         0.001497006         0.001497006 
   5.32772353825857    5.36433586090117    5.36513304786137     5.3747130614308 
        0.001497006         0.001497006         0.001497006         0.001497006 
   5.39116143599288    5.44347093832327     5.4466270946662    5.46326346246879 
        0.001497006         0.001497006         0.001497006         0.001497006 
   5.48166754409688    5.48851656510374    5.49360901931608    5.49454414437584 
        0.001497006         0.001497006         0.001497006         0.001497006 
   5.49883964092806    5.50043203507009    5.52152930758494    5.53319651102734 
        0.001497006         0.001497006         0.001497006         0.001497006 
    5.5391124580778    5.54611721858413    5.54655574348895    5.62130618398154 
        0.001497006         0.001497006         0.001497006         0.001497006 
   5.67374723467228    5.69328179829085    5.71042469319055    5.75188973193951 
        0.001497006         0.001497006         0.001497006         0.001497006 
   5.75465797092538    5.75681195025715    5.75980203361054    5.77017393809582 
        0.001497006         0.001497006         0.001497006         0.001497006 
   5.78402339469154    5.79475445633474     5.8541303330682    5.86406227963007 
        0.001497006         0.001497006         0.001497006         0.001497006 
   5.86766570247315    5.87042965886664    5.89087842256288    5.89548627512704 
        0.001497006         0.001497006         0.001497006         0.001497006 
   5.92952385444623    5.94898673223688    5.95107902648856     5.9540981433935 
        0.001497006         0.001497006         0.001497006         0.001497006 
   5.95701438859127    5.97537412805162    5.97599635978089    5.99276599975994 
        0.001497006         0.001497006         0.001497006         0.001497006 
   5.99606832844055     5.9961047296308    5.99627607895198                   6 
        0.001497006         0.001497006         0.001497006         0.052395210 
   6.11916541155952    6.17183259353395    6.20054588667717    6.20572624713376 
        0.001497006         0.001497006         0.001497006         0.001497006 
    6.3001714496548    6.31063205435829    6.38274847397129    6.49000407070284 
        0.001497006         0.001497006         0.001497006         0.001497006 
   6.50450674232016    6.51252790301012    6.63281719710448    6.67263294963497 
        0.001497006         0.001497006         0.001497006         0.001497006 
    6.6923731670603    6.69684809092325    6.72878946306095    6.72938813968875 
        0.001497006         0.001497006         0.001497006         0.001497006 
   6.76752320873316    6.81212745214567    6.82760656801516    6.97097172135592 
        0.001497006         0.001497006         0.001497006         0.001497006 
   6.97634842534829    6.98585230447737                   7    7.07696666583947 
        0.001497006         0.001497006         0.083832335         0.001497006 
   7.11510387418546    7.19319891624928    7.24951954401345    7.27944968837475 
        0.001497006         0.001497006         0.001497006         0.001497006 
   7.34346974178369    7.37795243274268    7.38199820438502    7.39929689985202 
        0.001497006         0.001497006         0.001497006         0.001497006 
   7.46090843359011    7.50865505647352    7.54760385631216    7.55623712540956 
        0.001497006         0.001497006         0.001497006         0.001497006 
   7.65314642421135    7.73019582054325    7.75536289374572    7.84079189344717 
        0.001497006         0.001497006         0.001497006         0.001497006 
   7.84791949282726      7.901503320473    7.94337161448395                   8 
        0.001497006         0.001497006         0.001497006         0.157185629 
    8.1197121924969    8.16905423820378    8.36130130546748    8.55026355862966 
        0.001497006         0.001497006         0.001497006         0.001497006 
   8.59784050661286    8.84219654374018    8.87353097150601                   9 
        0.001497006         0.001497006         0.001497006         0.227544910 

  Parameters of node estado (multinomial distribution)

Conditional probability table:
 
      sol1
estado          0 0.00238734545512909 0.315118770625705 0.395001313388868
     0 0.00000000          0.00000000        0.00000000        0.00000000
     1 1.00000000          1.00000000        1.00000000        1.00000000
      sol1
estado 0.509018482952431 0.789442493455399          1 1.32641325702836
     0        0.00000000        0.00000000 1.00000000       0.00000000
     1        1.00000000        1.00000000 0.00000000       1.00000000
      sol1
estado 1.35443237608425 1.43824333779206 1.4454953767573 1.71085581798322
     0       0.00000000       0.00000000      0.00000000       0.00000000
     1       1.00000000       1.00000000      1.00000000       1.00000000
      sol1
estado 1.74848273794383 1.78150197865137 1.8634724254766          2
     0       0.00000000       0.00000000      0.00000000 0.00000000
     1       1.00000000       1.00000000      1.00000000 1.00000000
      sol1
estado 2.0446411524416 2.56775518651802 2.75369534182344 2.92003893263526
     0      0.00000000       0.00000000       0.00000000       0.00000000
     1      1.00000000       1.00000000       1.00000000       1.00000000
      sol1
estado 2.95774857916148 2.97926542970901          3 3.2172061763218
     0       0.00000000       0.00000000 1.00000000      0.00000000
     1       1.00000000       1.00000000 0.00000000      1.00000000
      sol1
estado 3.56472060924706 3.86404452359036 3.87429557754941 3.97545751428048
     0       0.00000000       0.00000000       0.00000000       0.00000000
     1       1.00000000       1.00000000       1.00000000       1.00000000
      sol1
estado          4 4.02042010610436 4.05842067149845 4.08062032021101
     0 0.50000000       0.00000000       0.00000000       0.00000000
     1 0.50000000       1.00000000       1.00000000       1.00000000
      sol1
estado 4.12712420074414 4.13853636926439 4.15267535683108 4.16564205322725
     0       0.00000000       0.00000000       0.00000000       0.00000000
     1       1.00000000       1.00000000       1.00000000       1.00000000
      sol1
estado 4.19014810993062 4.2048789277268 4.2418713223593 4.25186195076346
     0       0.00000000      0.00000000      0.00000000       0.00000000
     1       1.00000000      1.00000000      1.00000000       1.00000000
      sol1
estado 4.28103817466606 4.33196975516969 4.33968178193964 4.34207671617783
     0       0.00000000       0.00000000       0.00000000       0.00000000
     1       1.00000000       1.00000000       1.00000000       1.00000000
      sol1
estado 4.34337384976058 4.34933781435689 4.40514825731779 4.48971423533478
     0       0.00000000       0.00000000       0.00000000       0.00000000
     1       1.00000000       1.00000000       1.00000000       1.00000000
      sol1
estado 4.53143774195722 4.55504555313503 4.57296567386606 4.71343841014022
     0       0.00000000       0.00000000       0.00000000       0.00000000
     1       1.00000000       1.00000000       1.00000000       1.00000000
      sol1
estado 4.74029338762709 4.75442858072388 4.75860119126584 4.78168857027271
     0       0.00000000       0.00000000       0.00000000       0.00000000
     1       1.00000000       1.00000000       1.00000000       1.00000000
      sol1
estado 4.79942236896317 4.8435442241399 4.84507583181797 4.8740989220852
     0       0.00000000      0.00000000       0.00000000      0.00000000
     1       1.00000000      1.00000000       1.00000000      1.00000000
      sol1
estado 4.91866146861444 4.94535500139678 4.96814123241025 4.97032083606503
     0       0.00000000       0.00000000       0.00000000       0.00000000
     1       1.00000000       1.00000000       1.00000000       1.00000000
      sol1
estado 4.97844287402286 4.98811835925311          5 5.026711691692
     0       0.00000000       0.00000000 0.18421053     0.00000000
     1       1.00000000       1.00000000 0.81578947     1.00000000
      sol1
estado 5.02860544295839 5.04016946970064 5.04617251661571 5.05239193924941
     0       0.00000000       0.00000000       0.00000000       0.00000000
     1       1.00000000       1.00000000       1.00000000       1.00000000
      sol1
estado 5.05715041006406 5.08956542977023 5.09430833325728 5.15236605922883
     0       0.00000000       0.00000000       0.00000000       0.00000000
     1       1.00000000       1.00000000       1.00000000       1.00000000
      sol1
estado 5.15820169349663 5.17293750413264 5.17536802294816 5.17651778006941
     0       0.00000000       0.00000000       0.00000000       0.00000000
     1       1.00000000       1.00000000       1.00000000       1.00000000
      sol1
estado 5.18488218389971 5.21139694528067 5.2183647223103 5.23460142775996
     0       0.00000000       0.00000000      0.00000000       0.00000000
     1       1.00000000       1.00000000      1.00000000       1.00000000
      sol1
estado 5.2737498478897 5.28701611067467 5.29667952704787 5.32598428698882
     0      0.00000000       0.00000000       0.00000000       0.00000000
     1      1.00000000       1.00000000       1.00000000       1.00000000
      sol1
estado 5.32772353825857 5.36433586090117 5.36513304786137 5.3747130614308
     0       0.00000000       0.00000000       0.00000000      0.00000000
     1       1.00000000       1.00000000       1.00000000      1.00000000
      sol1
estado 5.39116143599288 5.44347093832327 5.4466270946662 5.46326346246879
     0       0.00000000       0.00000000      0.00000000       0.00000000
     1       1.00000000       1.00000000      1.00000000       1.00000000
      sol1
estado 5.48166754409688 5.48851656510374 5.49360901931608 5.49454414437584
     0       0.00000000       0.00000000       0.00000000       0.00000000
     1       1.00000000       1.00000000       1.00000000       1.00000000
      sol1
estado 5.49883964092806 5.50043203507009 5.52152930758494 5.53319651102734
     0       0.00000000       0.00000000       0.00000000       0.00000000
     1       1.00000000       1.00000000       1.00000000       1.00000000
      sol1
estado 5.5391124580778 5.54611721858413 5.54655574348895 5.62130618398154
     0      0.00000000       0.00000000       0.00000000       0.00000000
     1      1.00000000       1.00000000       1.00000000       1.00000000
      sol1
estado 5.67374723467228 5.69328179829085 5.71042469319055 5.75188973193951
     0       0.00000000       0.00000000       0.00000000       0.00000000
     1       1.00000000       1.00000000       1.00000000       1.00000000
      sol1
estado 5.75465797092538 5.75681195025715 5.75980203361054 5.77017393809582
     0       0.00000000       0.00000000       0.00000000       0.00000000
     1       1.00000000       1.00000000       1.00000000       1.00000000
      sol1
estado 5.78402339469154 5.79475445633474 5.8541303330682 5.86406227963007
     0       0.00000000       0.00000000      0.00000000       0.00000000
     1       1.00000000       1.00000000      1.00000000       1.00000000
      sol1
estado 5.86766570247315 5.87042965886664 5.89087842256288 5.89548627512704
     0       0.00000000       0.00000000       0.00000000       0.00000000
     1       1.00000000       1.00000000       1.00000000       1.00000000
      sol1
estado 5.92952385444623 5.94898673223688 5.95107902648856 5.9540981433935
     0       0.00000000       0.00000000       0.00000000      0.00000000
     1       1.00000000       1.00000000       1.00000000      1.00000000
      sol1
estado 5.95701438859127 5.97537412805162 5.97599635978089 5.99276599975994
     0       0.00000000       0.00000000       0.00000000       0.00000000
     1       1.00000000       1.00000000       1.00000000       1.00000000
      sol1
estado 5.99606832844055 5.9961047296308 5.99627607895198          6
     0       0.00000000      0.00000000       0.00000000 0.77142857
     1       1.00000000      1.00000000       1.00000000 0.22857143
      sol1
estado 6.11916541155952 6.17183259353395 6.20054588667717 6.20572624713376
     0       0.00000000       0.00000000       0.00000000       0.00000000
     1       1.00000000       1.00000000       1.00000000       1.00000000
      sol1
estado 6.3001714496548 6.31063205435829 6.38274847397129 6.49000407070284
     0      0.00000000       0.00000000       0.00000000       0.00000000
     1      1.00000000       1.00000000       1.00000000       1.00000000
      sol1
estado 6.50450674232016 6.51252790301012 6.63281719710448 6.67263294963497
     0       0.00000000       0.00000000       0.00000000       0.00000000
     1       1.00000000       1.00000000       1.00000000       1.00000000
      sol1
estado 6.6923731670603 6.69684809092325 6.72878946306095 6.72938813968875
     0      0.00000000       0.00000000       0.00000000       0.00000000
     1      1.00000000       1.00000000       1.00000000       1.00000000
      sol1
estado 6.76752320873316 6.81212745214567 6.82760656801516 6.97097172135592
     0       0.00000000       0.00000000       0.00000000       0.00000000
     1       1.00000000       1.00000000       1.00000000       1.00000000
      sol1
estado 6.97634842534829 6.98585230447737          7 7.07696666583947
     0       0.00000000       0.00000000 0.94642857       0.00000000
     1       1.00000000       1.00000000 0.05357143       1.00000000
      sol1
estado 7.11510387418546 7.19319891624928 7.24951954401345 7.27944968837475
     0       0.00000000       0.00000000       0.00000000       0.00000000
     1       1.00000000       1.00000000       1.00000000       1.00000000
      sol1
estado 7.34346974178369 7.37795243274268 7.38199820438502 7.39929689985202
     0       0.00000000       0.00000000       0.00000000       0.00000000
     1       1.00000000       1.00000000       1.00000000       1.00000000
      sol1
estado 7.46090843359011 7.50865505647352 7.54760385631216 7.55623712540956
     0       0.00000000       0.00000000       0.00000000       0.00000000
     1       1.00000000       1.00000000       1.00000000       1.00000000
      sol1
estado 7.65314642421135 7.73019582054325 7.75536289374572 7.84079189344717
     0       0.00000000       0.00000000       0.00000000       0.00000000
     1       1.00000000       1.00000000       1.00000000       1.00000000
      sol1
estado 7.84791949282726 7.901503320473 7.94337161448395          8
     0       0.00000000     0.00000000       0.00000000 0.81904762
     1       1.00000000     1.00000000       1.00000000 0.18095238
      sol1
estado 8.1197121924969 8.16905423820378 8.36130130546748 8.55026355862966
     0      0.00000000       0.00000000       0.00000000       0.00000000
     1      1.00000000       1.00000000       1.00000000       1.00000000
      sol1
estado 8.59784050661286 8.84219654374018 8.87353097150601          9
     0       0.00000000       0.00000000       0.00000000 0.96052632
     1       1.00000000       1.00000000       1.00000000 0.03947368

